8.48
8.2
8.0
7.72
7.72
7.88
7.96
8.04
8.12
8.2
8.2
8.12
8.0
7.8
7.56
7.64
7.72
7.72
7.76
7.76
7.84
7.8
7.72
7.64
7.56
7.52
7.64
7.6
7.56
7.64
7.68
7.64
7.56
7.72
7.64
7.72
7.6
7.8
7.8
7.76
7.84
7.88
7.96
8.04
7.96
7.92
8.0
7.96
7.92
7.88
7.84
7.68
7.68
7.52
7.76
7.8
7.68
7.56
7.56
7.56
7.72
7.76
7.76
7.76
7.8
7.72
7.68
7.88
7.92
7.96
7.88
7.92
7.92
7.88
7.88
7.84
7.68
7.72
7.84
7.84
7.88
7.92
7.88
7.8
7.76
7.6
7.6
7.68
7.76
7.76
7.68
7.52
7.4
7.52
7.64
7.56
7.56
7.64
7.6
7.52
7.44
7.44
7.44
7.48
7.4
7.32
7.36
7.28
7.28
7.24
7.32
7.2
7.24
7.4
7.4
7.36
7.4
7.36
7.36
7.32
7.24
7.32
7.4
7.36
7.28
7.2
7.2
7.24
7.2
7.24
7.36
7.28
7.28
7.36
7.28
7.2
7.2
7.24
7.24
7.16
7.12
7.16
7.12
7.04
7.04
7.12
6.92
6.88
6.92
7.04
0.0
0.0
0.0
0.0
0.0
0.0
0.0
0.0
0.0
0.0
0.0
0.0
0.0
0.0
0.0
0.0
0.0
0.0
0.0
0.0
0.0
0.0
0.0
0.0
0.0
0.0
0.0
0.0
0.0
0.0
0.0
0.0
0.0
0.0
0.0
0.0
0.0
0.0
0.0
0.0
0.0
0.0
0.0
0.0
0.0
0.0
0.0
0.0
0.0
0.0
0.0
0.0
0.0
0.0
0.0
0.0
0.0
0.0
0.0
0.0
0.0
0.0
0.0
0.0
0.0
0.0
0.0
0.0
0.0
0.0
0.0
0.0
0.0
0.0
0.0
0.0
0.0
0.0
0.0
0.0
0.0
0.0
0.0
0.0
0.0
0.0
0.0
0.0
0.0
0.0
0.0
0.0
0.0
0.0
0.0
0.0
0.0
0.0
0.0
0.0
0.0
0.0
0.0
0.0
0.0
0.0
0.0
0.0
0.0
0.0
0.0
0.0
0.0
0.0
0.0
0.0
0.0
0.0
0.0
0.0
0.0
0.0
0.0
0.0
0.0
0.0
0.0
0.0
0.0
0.0
0.0
0.0
0.0
0.0
0.0
0.0
0.0
0.0
0.0
0.0
0.0
0.0
0.0
0.0
0.0
0.0
0.0
0.0
0.0
0.0
0.0
0.0
0.0
0.0
0.0
0.0
0.0
0.0
0.0
0.0
0.0
0.0
0.0
0.0
0.0
0.0
0.0
0.0
0.0
0.0
0.0
0.0
0.0
0.0
0.0
0.0
0.0
0.0
0.0
0.0
0.0
0.0
0.0
0.0
0.0
0.0
0.0
0.0
0.0
0.0
0.0
0.0
0.0
0.0
0.0
0.0
0.0
0.0
0.0
0.0
0.0
0.0
0.0
0.0
0.0
0.0
0.0
0.0
0.0
0.0
0.0
0.0
0.0
0.0
0.0
0.0
0.0
0.0
0.0
0.0
0.0
0.0
0.0
0.0
0.0
0.0
0.0
0.0
0.0
0.0
0.0
0.0
0.0
0.0
0.0
0.0
0.0
0.0
0.0
0.0
0.0
0.0
0.0
0.0
0.0
0.0
0.0
0.0
0.0
0.0
0.0
0.0
0.0
0.0
0.0
0.0
0.0
0.0
0.0
0.0
0.0
0.0
0.0
0.0
0.0
0.0
0.0
0.0
0.0
0.0
0.0
0.0
0.0
0.0
0.0
0.0
0.0
0.0
0.0
0.0
0.0
0.0
0.0
0.0
0.0
0.0
0.0
0.0
0.0
0.0
0.0
0.0
0.0
0.0
0.0
0.0
0.0
0.0
0.0
0.0
6.84
6.4
6.44
6.6
6.76
6.96
6.96
6.88
6.84
6.76
6.72
6.76
6.84
6.96
6.96
6.96
6.96
6.96
6.88
6.88
7.04
7.08
6.96
7.04
7.0
6.92
6.92
6.88
6.8
6.88
7.12
7.12
7.16
7.36
7.36
7.16
7.12
7.28
7.28
7.28
7.32
7.28
7.28
7.48
7.6
7.64
7.64
7.64
7.72
7.76
7.8
7.72
7.72
7.88
7.68
7.76
7.92
7.92
7.92
7.92
7.8
7.68
7.76
7.84
7.88
7.92
7.92
7.88
7.92
7.84
7.88
7.8
7.8
7.68
7.8
8.04
8.12
8.12
8.04
8.0
7.92
7.96
7.88
8.0
7.96
8.04
7.88
8.04
8.04
8.0
8.0
8.04
8.04
8.08
8.04
8.16
8.4
8.48
8.48
8.48
8.4
8.56
8.52
8.52
8.52
8.6
8.52
8.6
8.6
8.44
8.4
8.36
8.32
8.36
8.44
8.36
8.24
8.28
8.24
8.24
8.12
8.12
8.04
8.16
8.08
7.92
7.96
7.96
7.76
7.76
7.76
7.72
7.72
7.56
7.52
7.52
7.44
7.28
7.24
7.24
7.32
7.24
7.2
7.12
7.0
6.96
7.0
7.0
6.88
6.96
6.96
6.92
6.88
6.76
6.56
6.6
6.56
6.48
6.56
6.56
6.44
6.36
6.36
6.44
6.4
6.56
6.48
6.44
6.44
6.4
6.44
6.32
6.24
6.16
6.2
6.16
6.2
6.12
6.0
6.0
6.0
6.04
6.08
6.04
6.04
5.96
5.84
5.84
5.8
5.68
5.72
5.68
5.8
5.76
5.68
5.6
5.64
5.6
5.64
5.56
5.6
5.56
5.44
5.56
5.56
5.56
5.68
5.76
5.8
5.76
5.76
5.64
5.76
5.76
5.84
6.0
6.08
6.16
6.2
6.24
6.24
6.2
6.32
6.28
6.24
6.32
6.36
6.32
6.32
6.32
6.28
6.24
6.24
6.28
6.32
6.4
6.44
6.44
6.44
6.4
6.28
6.28
6.4
6.44
6.56
6.48
6.52
6.68
6.76
6.64
6.68
6.64
6.8
6.8
6.8
6.88
6.96
7.04
7.2
7.24
7.36
7.32
7.24
7.32
7.44
7.48
7.56
7.72
7.76
7.8
7.72
7.8
7.84
8.04
8.04
8.08
8.08
8.12
8.04
7.96
7.96
7.96
8.16
8.2
8.12
8.12
8.28
8.32
8.24
8.2
8.2
8.2
8.2
8.24
8.2
8.16
8.08
8.0
8.08
8.08
0.0
0.0
0.0
0.0
0.0
0.0
0.0
0.0
0.0
0.0
0.0
0.0
0.0
0.0
0.0
0.0
0.0
0.0
0.0
0.0
0.0
0.0
0.0
0.0
0.0
0.0
0.0
0.0
0.0
0.0
0.0
0.0
0.0
0.0
0.0
0.0
0.0
0.0
0.0
0.0
0.0
0.0
0.0
0.0
0.0
0.0
0.0
0.0
0.0
0.0
0.0
0.0
0.0
0.0
0.0
0.0
0.0
0.0
0.0
0.0
0.0
0.0
0.0
0.0
0.0
0.0
0.0
0.0
0.0
0.0
0.0
0.0
0.0
0.0
0.0
0.0
0.0
0.0
0.0
0.0
0.0
0.0
0.0
0.0
0.0
0.0
0.0
0.0
0.0
0.0
0.0
0.0
0.0
0.0
0.0
0.0
0.0
0.0
0.0
0.0
0.0
0.0
0.0
0.0
0.0
0.0
0.0
0.0
0.0
0.0
0.0
0.0
0.0
0.0
0.0
0.0
0.0
0.0
0.0
0.0
0.0
0.0
0.0
0.0
0.0
0.0
0.0
0.0
0.0
0.0
0.0
0.0
0.0
0.0
0.0
0.0
0.0
0.0
0.0
0.0
0.0
0.0
0.0
0.0
0.0
0.0
0.0
0.0
0.0
0.0
0.0
0.0
0.0
0.0
0.0
0.0
0.0
0.0
0.0
0.0
0.0
0.0
0.0
0.0
0.0
0.0
0.0
0.0
0.0
0.0
0.0
0.0
0.0
0.0
0.0
0.0
0.0
0.0
0.0
0.0
0.0
0.0
0.0
0.0
0.0
0.0
0.0
0.0
0.0
0.0
0.0
0.0
0.0
0.0
0.0
0.0
0.0
0.0
0.0
0.0
0.0
0.0
0.0
0.0
0.0
0.0
0.0
0.0
0.0
0.0
0.0
0.0
0.0
0.0
0.0
0.0
0.0
0.0
0.0
0.0
0.0
0.0
0.0
0.0
0.0
0.0
0.0
0.0
0.0
0.0
0.0
0.0
0.0
0.0
0.0
0.0
0.0
0.0
0.0
0.0
0.0
0.0
0.0
0.0
0.0
0.0
0.0
0.0
0.0
0.0
0.0
0.0
0.0
0.0
0.0
0.0
0.0
0.0
0.0
0.0
0.0
0.0
0.0
0.0
0.0
0.0
0.0
0.0
0.0
0.0
0.0
0.0
0.0
0.0
0.0
0.0
0.0
0.0
0.0
0.0
0.0
0.0
0.0
0.0
0.0
0.0
0.0
0.0
0.0
0.0
0.0
0.0
0.0
0.0
0.0
0.0
0.0
0.0
0.0
0.0
8.0
7.44
7.48
7.64
7.8
7.84
7.92
7.6
7.6
7.56
7.72
7.76
7.76
7.76
7.84
7.88
7.88
7.92
7.96
8.04
8.08
8.04
7.92
8.0
8.0
7.96
8.08
8.04
8.16
8.16
8.24
8.28
8.28
8.36
8.28
8.4
8.4
8.4
8.44
8.48
8.68
8.68
8.72
8.72
8.76
8.76
8.76
8.76
8.72
8.72
8.76
8.76
8.76
8.8
8.76
8.64
8.64
8.56
8.56
8.56
8.8
8.8
8.72
8.68
8.76
8.8
8.8
8.84
8.92
9.0
8.96
9.0
8.96
9.08
9.08
9.12
9.04
9.24
9.4
9.44
9.48
9.36
9.52
9.6
9.52
9.56
9.64
9.6
9.76
9.88
9.76
9.68
9.68
9.68
9.72
9.84
9.84
9.96
9.96
9.76
9.76
9.72
9.68
9.76
9.8
9.68
9.68
9.6
9.68
9.8
9.76
9.76
9.68
9.72
9.64
9.56
9.64
9.72
9.76
9.68
9.68
9.56
9.72
9.72
9.76
9.8
9.76
9.64
9.68
9.6
9.6
9.72
9.92
10.0
9.8
9.68
9.56
9.52
9.64
9.64
9.76
9.84
9.88
9.92
9.8
9.84
9.84
9.84
9.8
9.8
9.96
9.96
9.96
10.16
10.12
10.12
10.04
10.12
10.04
10.04
10.08
10.16
10.16
10.08
10.08
10.04
10.0
10.0
10.08
10.0
9.96
9.96
9.96
10.08
9.88
9.76
9.8
9.76
9.6
9.6
9.6
9.48
9.36
9.44
9.48
9.52
9.4
9.52
9.52
9.44
9.48
9.52
9.4
9.44
9.56
9.48
9.48
9.44
9.48
9.4
9.4
9.48
9.6
9.56
9.56
9.6
9.56
9.6
9.56
9.72
9.76
9.68
9.76
9.72
9.64
9.6
9.56
9.56
9.6
9.68
9.72
9.88
9.88
9.72
9.88
9.92
9.88
9.92
9.96
9.92
9.92
10.0
9.92
9.96
9.92
9.92
9.92
9.92
9.84
9.68
9.68
9.64
9.6
9.6
9.44
9.4
9.48
9.32
9.2
9.08
9.12
9.04
9.28
9.36
9.44
9.36
9.2
9.12
9.08
9.16
9.2
9.36
9.4
9.36
9.28
9.32
9.4
9.48
9.56
9.52
9.48
9.68
9.6
9.68
9.72
9.72
9.76
9.76
9.72
9.68
9.84
9.76
9.68
9.72
9.84
9.76
9.68
9.8
9.76
9.68
9.76
9.76
9.8
9.68
9.56
9.56
9.56
9.56
9.6
9.6
0.0
0.0
0.0
0.0
0.0
0.0
0.0
0.0
0.0
0.0
0.0
0.0
0.0
0.0
0.0
0.0
0.0
0.0
0.0
0.0
0.0
0.0
0.0
0.0
0.0
0.0
0.0
0.0
0.0
0.0
0.0
0.0
0.0
0.0
0.0
0.0
0.0
0.0
0.0
0.0
0.0
0.0
0.0
0.0
0.0
0.0
0.0
0.0
0.0
0.0
0.0
0.0
0.0
0.0
0.0
0.0
0.0
0.0
0.0
0.0
0.0
0.0
0.0
0.0
0.0
0.0
0.0
0.0
0.0
0.0
0.0
0.0
0.0
0.0
0.0
0.0
0.0
0.0
0.0
0.0
0.0
0.0
0.0
0.0
0.0
0.0
0.0
0.0
0.0
0.0
0.0
0.0
0.0
0.0
0.0
0.0
0.0
0.0
0.0
0.0
0.0
0.0
0.0
0.0
0.0
0.0
0.0
0.0
0.0
0.0
0.0
0.0
0.0
0.0
0.0
0.0
0.0
0.0
0.0
0.0
0.0
0.0
0.0
0.0
0.0
0.0
0.0
0.0
0.0
0.0
0.0
0.0
0.0
0.0
0.0
0.0
0.0
0.0
0.0
0.0
0.0
0.0
0.0
0.0
0.0
0.0
0.0
0.0
0.0
0.0
0.0
0.0
0.0
0.0
0.0
0.0
0.0
0.0
0.0
0.0
0.0
0.0
0.0
0.0
0.0
0.0
0.0
0.0
0.0
0.0
0.0
0.0
0.0
0.0
0.0
0.0
0.0
0.0
0.0
0.0
0.0
0.0
0.0
0.0
0.0
0.0
0.0
0.0
0.0
0.0
0.0
0.0
0.0
0.0
0.0
0.0
0.0
0.0
0.0
0.0
0.0
0.0
0.0
0.0
0.0
0.0
0.0
0.0
0.0
0.0
0.0
0.0
0.0
0.0
0.0
0.0
0.0
0.0
0.0
0.0
0.0
0.0
0.0
0.0
0.0
0.0
0.0
0.0
0.0
0.0
0.0
0.0
0.0
0.0
0.0
0.0
0.0
0.0
0.0
0.0
0.0
0.0
0.0
0.0
0.0
0.0
0.0
0.0
0.0
0.0
0.0
0.0
0.0
0.0
0.0
0.0
0.0
0.0
0.0
0.0
0.0
0.0
0.0
0.0
0.0
0.0
0.0
0.0
0.0
0.0
0.0
0.0
0.0
0.0
0.0
0.0
0.0
0.0
0.0
0.0
0.0
0.0
0.0
0.0
0.0
0.0
0.0
0.0
0.0
0.0
0.0
0.0
0.0
0.0
0.0
0.0
0.0
0.0
0.0
0.0
9.64
9.08
9.2
9.2
9.44
9.72
9.8
9.84
9.68
9.64
9.68
9.76
9.84
9.72
9.68
9.64
9.6
9.68
9.64
9.6
9.6
9.64
9.44
9.36
9.28
9.32
9.32
9.28
9.4
9.32
9.4
9.4
9.36
9.48
9.6
9.64
9.64
9.68
9.48
9.6
9.72
9.8
9.76
9.72
9.64
9.64
9.68
9.68
9.64
9.56
9.64
9.64
9.6
9.56
9.72
9.8
9.8
9.76
9.72
9.6
9.6
9.72
9.64
9.68
9.72
9.6
9.6
9.64
9.64
9.72
9.64
9.64
9.64
9.64
9.56
9.52
9.6
9.48
9.44
9.56
9.6
9.6
9.56
9.6
9.52
9.32
9.24
9.24
9.32
9.32
9.32
9.24
9.16
9.24
9.28
9.28
9.32
9.28
9.16
9.12
9.08
9.08
9.08
9.12
9.28
9.16
9.12
9.2
9.32
9.24
9.32
9.48
9.4
9.36
9.44
9.56
9.44
9.56
9.6
9.6
9.48
9.68
9.76
9.84
9.84
9.84
9.96
9.88
9.84
9.76
9.76
10.0
10.04
10.12
10.04
10.0
10.0
10.0
10.0
10.04
10.12
10.08
10.08
10.2
10.0
10.04
10.0
10.0
10.08
10.08
10.08
9.96
10.0
9.88
9.92
9.88
9.88
9.8
9.92
9.96
9.96
10.04
10.0
10.04
10.0
10.0
10.08
10.0
10.04
10.0
10.04
9.96
9.92
9.88
9.92
10.0
10.12
10.04
10.04
10.16
10.08
10.12
10.16
10.08
10.08
10.12
10.12
10.16
10.12
10.16
10.24
10.08
10.04
9.92
9.8
9.8
9.88
9.96
10.04
10.04
10.12
10.08
9.92
9.92
9.84
9.96
9.88
9.84
9.8
9.68
9.72
9.76
9.72
9.64
9.76
9.88
9.84
9.76
9.68
9.6
9.48
9.52
9.52
9.48
9.68
9.64
9.48
9.6
9.56
9.56
9.4
9.48
9.48
9.4
9.28
9.32
9.36
9.28
9.2
9.12
9.24
9.32
9.2
9.24
9.16
9.2
9.16
9.24
9.08
9.12
9.2
9.24
9.2
9.24
9.32
9.12
9.08
9.04
9.12
9.24
9.28
9.4
9.24
9.24
9.24
9.16
9.12
9.08
9.0
9.08
9.08
8.96
8.92
8.92
9.0
8.88
8.88
9.04
9.08
9.12
9.08
9.04
9.0
9.04
9.08
9.08
9.24
9.16
9.16
9.12
9.08
9.16
9.12
9.16
9.16
9.32
9.32
9.32
9.28
9.36
0.0
0.0
0.0
0.0
0.0
0.0
0.0
0.0
0.0
0.0
0.0
0.0
0.0
0.0
0.0
0.0
0.0
0.0
0.0
0.0
0.0
0.0
0.0
0.0
0.0
0.0
0.0
0.0
0.0
0.0
0.0
0.0
0.0
0.0
0.0
0.0
0.0
0.0
0.0
0.0
0.0
0.0
0.0
0.0
0.0
0.0
0.0
0.0
0.0
0.0
0.0
0.0
0.0
0.0
0.0
0.0
0.0
0.0
0.0
0.0
0.0
0.0
0.0
0.0
0.0
0.0
0.0
0.0
0.0
0.0
0.0
0.0
0.0
0.0
0.0
0.0
0.0
0.0
0.0
0.0
0.0
0.0
0.0
0.0
0.0
0.0
0.0
0.0
0.0
0.0
0.0
0.0
0.0
0.0
0.0
0.0
0.0
0.0
0.0
0.0
0.0
0.0
0.0
0.0
0.0
0.0
0.0
0.0
0.0
0.0
0.0
0.0
0.0
0.0
0.0
0.0
0.0
0.0
0.0
0.0
0.0
0.0
0.0
0.0
0.0
0.0
0.0
0.0
0.0
0.0
0.0
0.0
0.0
0.0
0.0
0.0
0.0
0.0
0.0
0.0
0.0
0.0
0.0
0.0
0.0
0.0
0.0
0.0
0.0
0.0
0.0
0.0
0.0
0.0
0.0
0.0
0.0
0.0
0.0
0.0
0.0
0.0
0.0
0.0
0.0
0.0
0.0
0.0
0.0
0.0
0.0
0.0
0.0
0.0
0.0
0.0
0.0
0.0
0.0
0.0
0.0
0.0
0.0
0.0
0.0
0.0
0.0
0.0
0.0
0.0
0.0
0.0
0.0
0.0
0.0
0.0
0.0
0.0
0.0
0.0
0.0
0.0
0.0
0.0
0.0
0.0
0.0
0.0
0.0
0.0
0.0
0.0
0.0
0.0
0.0
0.0
0.0
0.0
0.0
0.0
0.0
0.0
0.0
0.0
0.0
0.0
0.0
0.0
0.0
0.0
0.0
0.0
0.0
0.0
0.0
0.0
0.0
0.0
0.0
0.0
0.0
0.0
0.0
0.0
0.0
0.0
0.0
0.0
0.0
0.0
0.0
0.0
0.0
0.0
0.0
0.0
0.0
0.0
0.0
0.0
0.0
0.0
0.0
0.0
0.0
0.0
0.0
0.0
0.0
0.0
0.0
0.0
0.0
0.0
0.0
0.0
0.0
0.0
0.0
0.0
0.0
0.0
0.0
0.0
0.0
0.0
0.0
0.0
0.0
0.0
0.0
0.0
0.0
0.0
0.0
0.0
0.0
0.0
0.0
0.0
9.36
8.76
8.8
8.84
8.92
8.96
9.04
9.0
8.92
8.92
9.08
9.08
9.12
9.12
9.12
9.04
9.0
9.16
9.12
9.16
9.16
9.0
9.0
9.12
9.2
9.16
9.24
9.32
9.56
9.56
9.48
9.32
9.48
9.52
9.6
9.44
9.48
9.44
9.56
9.56
9.68
9.72
9.68
9.72
9.8
9.8
9.8
9.68
9.64
9.68
9.76
9.72
9.6
9.56
9.72
9.8
9.8
9.64
9.68
9.56
9.64
9.6
9.64
9.76
9.92
9.88
9.88
9.88
9.88
9.92
10.0
10.0
10.08
10.24
10.32
10.28
10.24
10.16
10.2
10.28
10.32
10.32
10.12
10.2
10.16
10.2
10.2
10.2
10.08
10.12
10.12
10.2
10.08
10.08
9.96
9.96
9.92
9.96
9.88
9.96
9.96
9.92
10.0
9.92
9.8
9.8
9.84
9.8
9.84
9.92
9.92
9.88
9.84
9.68
9.72
9.68
9.68
9.72
9.6
9.64
9.8
9.72
9.68
9.6
9.72
9.76
9.8
9.76
9.8
9.84
9.88
9.8
9.76
9.8
9.8
9.8
9.6
9.6
9.72
9.64
9.84
9.96
9.92
9.88
9.76
9.72
9.64
9.52
9.6
9.8
9.76
