1.04
2.88
3.0
3.0
3.0
3.52
4.8
5.68
6.0
6.08
6.44
7.36
8.16
8.84
9.08
9.6
10.32
10.8
11.4
11.84
12.4
12.92
13.36
14.0
14.56
15.16
15.8
16.16
16.6
17.08
17.52
18.0
18.8
19.44
20.04
20.52
20.8
21.24
22.0
22.76
23.28
23.72
24.2
24.72
25.44
26.12
26.56
27.0
27.44
27.8
28.52
29.28
29.76
30.4
31.08
31.72
32.2
32.84
33.56
34.16
34.8
35.0
35.4
35.76
36.2
36.64
37.04
37.44
37.84
38.4
39.16
39.92
40.48
41.04
41.36
41.84
42.32
42.8
43.4
43.92
44.56
45.24
45.8
46.32
46.76
47.24
47.8
48.68
49.72
50.64
51.16
51.52
51.96
52.6
53.24
53.64
54.16
54.76
55.2
55.68
56.08
56.52
56.96
57.4
57.8
58.16
58.56
58.96
59.24
59.84
60.32
60.8
61.36
62.04
62.72
63.36
63.96
64.56
65.0
65.36
65.72
66.16
66.52
67.08
67.56
68.04
68.56
69.16
69.84
70.64
71.36
71.88
72.52
73.0
73.44
73.96
74.28
74.72
75.12
75.64
76.04
76.4
76.64
76.96
77.4
77.96
78.4
78.88
79.24
79.64
79.64
79.64
79.64
79.64
79.64
79.64
79.64
79.64
79.64
79.64
79.64
79.64
79.64
79.64
79.64
79.64
79.64
79.64
79.64
79.64
79.64
79.64
79.64
79.64
79.64
79.64
79.64
79.64
79.64
79.64
79.64
79.64
79.64
79.64
79.64
79.64
79.64
79.64
79.64
79.64
79.64
79.64
79.64
79.64
79.64
79.64
79.64
79.64
79.64
79.64
79.64
79.64
79.64
79.64
79.64
79.64
79.64
79.64
79.64
79.64
79.64
79.64
79.64
79.64
79.64
79.64
79.64
79.64
79.64
79.64
79.64
79.64
79.64
79.64
79.64
79.64
79.64
79.64
79.64
79.64
79.64
79.64
79.64
79.64
79.64
79.64
79.64
79.64
79.64
79.64
79.64
79.64
79.64
79.64
79.64
79.64
79.64
79.64
79.64
79.64
79.64
79.64
79.64
79.64
79.64
79.64
79.64
79.64
79.64
79.64
79.64
79.64
79.64
79.64
79.64
79.64
79.64
79.64
79.64
79.64
79.64
79.64
79.64
79.64
79.64
79.64
79.64
79.64
79.64
79.64
79.64
79.64
79.64
79.64
79.64
79.64
79.64
79.64
79.64
79.64
79.64
79.64
79.64
79.64
79.64
79.64
79.64
79.64
79.64
79.64
82.64
82.64
82.64
82.64
82.64
82.64
82.64
82.64
82.64
82.64
82.64
82.64
82.64
82.64
82.64
82.64
82.64
82.64
82.68
82.88
83.72
84.96
86.52
88.12
89.96
91.64
93.2
94.44
95.36
96.28
97.0
97.76
98.48
99.04
99.4
99.64
100.0
100.48
101.12
101.6
101.84
102.04
102.32
102.64
103.12
103.56
104.04
104.36
104.52
105.0
105.44
105.88
106.24
106.88
107.36
107.76
108.0
108.36
108.92
109.4
109.72
109.96
110.36
110.92
111.4
111.88
112.4
112.8
113.24
113.8
114.28
114.84
115.28
115.88
116.2
116.76
117.48
118.04
118.4
118.8
119.24
119.8
120.36
120.92
121.48
121.96
122.64
123.12
123.56
124.0
124.52
125.08
125.72
126.44
127.12
127.72
128.24
128.84
129.4
129.88
130.32
130.76
131.24
131.68
132.04
132.4
132.8
133.28
133.76
134.16
134.64
135.04
135.44
135.8
136.12
136.4
136.76
137.04
137.24
137.6
137.92
138.24
138.52
138.88
139.28
139.68
140.2
140.56
140.92
141.28
141.4
141.64
142.04
142.36
142.88
143.36
143.76
144.16
144.52
144.92
145.36
145.72
146.04
146.48
146.84
147.16
147.48
147.84
148.28
148.68
152.0
152.32
152.6
153.96
155.56
156.48
157.24
158.52
159.56
160.64
161.68
162.56
163.36
164.8
165.76
166.84
168.04
168.84
170.08
171.36
172.08
173.04
173.72
174.48
175.28
176.2
177.04
177.96
178.92
179.96
181.16
182.24
183.12
184.08
185.16
186.28
187.6
188.76
189.64
190.48
191.6
192.56
193.72
194.8
195.92
196.72
197.6
198.48
199.36
200.4
201.4
202.2
203.04
203.88
204.96
206.36
207.6
208.84
209.84
210.92
211.92
212.64
213.4
214.16
215.04
215.92
216.84
217.8
218.52
219.24
219.92
220.76
221.56
222.44
223.52
224.68
225.76
226.68
227.6
228.44
229.36
230.16
231.0
231.8
232.6
233.68
234.56
235.28
235.88
236.68
237.48
238.36
239.32
240.16
241.16
242.28
243.24
244.2
245.24
246.24
247.28
248.28
249.28
250.36
251.52
252.52
253.56
254.48
255.32
256.24
257.16
258.0
258.84
259.64
260.52
261.4
262.04
262.76
263.48
264.4
264.8
265.2
265.48
266.0
266.52
267.28
268.0
268.36
268.92
269.56
270.04
270.48
270.96
271.4
271.72
272.16
272.6
272.96
273.28
273.72
274.16
274.4
274.68
275.0
275.4
275.8
276.32
276.72
277.12
277.72
278.2
278.52
278.8
279.04
279.36
279.68
280.08
280.56
280.92
281.32
281.72
282.12
282.52
283.08
283.76
284.2
284.68
285.36
286.0
286.44
286.92
287.52
288.04
288.64
289.04
289.52
290.0
290.52
291.04
291.56
292.04
292.6
293.16
293.64
294.2
294.84
295.24
295.68
296.32
296.84
297.48
298.08
298.6
299.2
299.72
300.16
300.76
301.24
301.92
302.68
303.48
304.16
304.88
305.52
306.16
306.68
307.28
307.84
308.44
308.92
309.56
310.28
311.0
311.76
312.44
312.88
313.6
314.16
314.72
315.36
316.0
316.84
317.48
318.12
318.96
319.92
320.76
321.56
322.44
323.28
324.12
325.08
325.96
326.8
327.64
328.32
329.24
330.08
330.96
331.96
332.6
333.36
334.2
334.96
335.72
336.4
337.16
337.84
338.72
339.52
340.4
341.32
342.24
343.24
344.12
344.84
345.68
346.48
347.24
348.12
349.0
349.92
350.92
351.88
352.84
353.68
354.48
355.32
356.2
357.12
358.2
359.2
360.2
361.24
362.4
363.48
364.4
365.48
366.68
367.8
368.84
370.0
371.16
372.2
373.16
374.12
374.96
375.8
376.64
377.4
378.2
378.92
379.6
380.36
381.0
381.6
382.28
383.04
383.68
384.28
384.28
384.28
384.28
384.28
384.28
384.28
384.28
384.28
384.28
384.28
384.28
384.28
384.28
384.28
384.28
384.28
384.28
384.28
384.28
384.28
384.28
384.28
384.28
384.28
384.28
384.28
384.28
384.28
384.28
384.28
384.28
384.28
384.28
384.28
384.28
384.28
384.28
384.28
384.28
384.28
384.28
384.28
384.28
384.28
384.28
384.28
384.28
384.28
384.28
384.28
384.28
384.28
384.28
384.28
384.28
384.28
384.28
384.28
384.28
384.28
384.28
384.28
384.28
384.28
384.28
384.28
384.28
384.28
384.28
384.28
384.28
384.28
384.28
384.28
384.28
384.28
384.28
384.28
384.28
384.28
384.28
384.28
384.28
384.28
384.28
384.28
384.28
384.28
384.28
384.28
384.28
384.28
384.28
384.28
384.28
384.28
384.28
384.28
384.28
384.28
384.28
384.28
384.28
384.28
384.28
384.28
384.28
384.28
384.28
384.28
384.28
384.28
384.28
384.28
384.28
384.28
384.28
384.28
384.28
384.28
384.28
384.28
384.28
384.28
384.28
384.28
384.28
384.28
384.28
384.28
384.28
384.28
384.28
384.28
384.28
384.28
384.28
384.28
384.28
384.28
384.28
384.28
384.28
384.28
384.28
384.28
384.28
384.28
384.28
384.28
384.92
384.92
384.92
385.12
385.28
385.28
385.36
385.44
385.6
385.68
385.8
385.84
385.96
386.12
386.24
386.32
386.4
386.52
386.64
386.72
386.88
387.12
387.32
387.52
387.72
387.96
388.28
388.6
388.96
389.32
389.56
389.8
389.96
390.16
390.28
390.44
390.68
391.0
391.28
391.52
391.68
391.72
391.84
391.96
392.2
392.32
392.48
392.68
392.84
392.88
392.96
393.04
393.16
393.32
393.44
393.6
393.76
394.0
394.24
394.36
394.44
394.56
394.8
394.96
395.04
395.16
395.36
395.52
395.68
395.72
395.76
395.8
395.92
396.0
396.16
396.4
396.56
396.68
396.84
397.0
397.2
397.36
397.48
397.64
397.8
397.92
398.08
398.28
398.36
398.4
398.48
398.8
399.04
399.32
399.48
399.68
399.88
400.04
400.2
400.4
400.64
400.92
401.2
401.36
401.6
401.92
402.12
402.24
402.4
402.56
402.76
402.96
403.12
403.36
403.56
403.72
403.8
403.88
403.92
404.08
404.16
404.2
404.28
404.4
404.4
404.4
404.4
404.44
404.52
404.68
404.72
404.8
404.88
405.0
405.2
405.4
405.64
405.88
406.0
406.12
406.2
406.48
406.68
406.88
407.04
407.2
407.36
407.52
407.68
407.84
410.16
410.4
410.52
411.24
412.44
412.96
413.36
414.24
415.32
416.16
417.0
417.84
418.84
419.6
420.44
421.12
422.04
422.64
423.48
424.32
425.24
426.2
427.24
428.28
429.36
430.36
430.96
431.84
432.4
433.04
433.88
434.64
435.68
436.56
437.24
438.08
439.08
439.96
441.0
441.92
442.84
443.76
444.72
445.72
446.76
447.72
448.76
449.52
450.32
451.28
452.16
453.0
453.72
454.8
455.72
456.8
457.72
458.6
459.36
460.2
460.88
461.56
462.28
463.08
463.72
464.36
465.12
465.88
466.68
467.48
468.56
469.48
470.4
471.16
472.08
472.92
473.84
474.8
475.6
476.4
477.2
478.08
478.88
479.48
479.88
480.32
480.88
481.56
482.24
483.16
483.88
484.6
485.36
486.0
486.68
487.4
488.12
488.92
489.84
490.68
491.48
492.16
492.84
493.64
494.4
495.2
495.88
496.68
497.6
498.4
499.16
499.96
500.88
501.68
502.52
503.28
503.88
504.56
505.28
506.16
506.96
507.6
508.28
508.96
509.68
510.2
510.84
511.44
512.28
513.0
513.92
514.88
515.72
516.6
517.28
518.0
518.64
519.12
519.76
520.24
520.6
521.04
521.6
522.16
522.64
523.2
523.84
524.56
525.28
525.84
526.16
526.44
527.0
527.56
528.12
528.52
528.88
529.28
529.64
529.92
530.28
530.72
531.12
531.52
531.92
532.4
532.72
533.04
533.6
534.2
534.84
535.44
535.92
536.32
536.52
536.92
537.4
537.92
538.56
539.28
539.84
540.4
540.88
541.24
541.56
542.0
542.4
542.88
543.32
543.84
544.2
544.68
545.24
545.8
546.36
546.88
547.28
547.8
548.28
548.76
549.2
549.68
550.04
550.52
551.04
551.6
552.24
552.88
553.44
554.12
554.56
555.16
555.68
556.32
557.04
557.68
558.4
559.2
559.92
560.56
561.12
561.48
561.92
562.36
562.88
563.28
563.68
564.2
564.72
565.08
565.52
565.84
566.2
566.64
567.16
567.64
568.24
568.92
569.6
570.4
570.96
571.52
572.16
572.52
572.96
573.4
573.88
574.36
574.76
575.16
575.6
576.08
576.64
577.2
577.76
578.44
579.0
579.6
580.08
580.56
581.04
581.56
582.08
582.64
583.16
583.68
584.16
584.56
585.04
585.44
586.0
586.48
586.88
587.2
587.6
587.88
588.12
588.4
588.72
589.08
589.44
589.92
590.4
591.08
591.68
592.4
593.16
593.84
594.56
595.2
595.8
596.4
596.88
597.36
597.8
598.24
598.8
599.28
599.72
600.16
600.16
600.16
600.16
600.16
600.16
600.16
600.16
600.16
600.16
600.16
600.16
600.16
600.16
600.16
600.16
600.16
600.16
600.16
600.16
600.16
600.16
600.16
600.16
600.16
600.16
600.16
600.16
600.16
600.16
600.16
600.16
600.16
600.16
600.16
600.16
600.16
600.16
600.16
600.16
600.16
600.16
600.16
600.16
600.16
600.16
600.16
600.16
600.16
600.16
600.16
600.16
600.16
600.16
600.16
600.16
600.16
600.16
600.16
600.16
600.16
600.16
600.16
600.16
600.16
600.16
600.16
600.16
600.16
600.16
600.16
600.16
600.16
600.16
600.16
600.16
600.16
600.16
600.16
600.16
600.16
600.16
600.16
600.16
600.16
600.16
600.16
600.16
600.16
600.16
600.16
600.16
600.16
600.16
600.16
600.16
600.16
600.16
600.16
600.16
600.16
600.16
600.16
600.16
600.16
600.16
600.16
600.16
600.16
600.16
600.16
600.16
600.16
600.16
600.16
600.16
600.16
600.16
600.16
600.16
600.16
600.16
600.16
600.16
600.16
600.16
600.16
600.16
600.16
600.16
600.16
600.16
600.16
600.16
600.16
600.16
600.16
600.16
600.16
600.16
600.16
600.16
600.16
600.16
600.16
600.16
600.16
600.16
600.16
600.16
600.16
600.8
600.8
600.8
600.92
600.92
600.96
601.0
601.04
601.12
601.16
601.2
601.24
601.28
601.4
601.44
601.44
601.52
601.56
601.6
601.68
601.68
601.72
602.0
602.24
602.72
603.24
603.64
604.0
604.32
604.56
604.8
605.12
605.44
605.64
605.8
605.96
606.0
606.16
606.28
606.48
606.68
606.76
606.92
607.04
607.08
607.16
607.16
607.16
607.2
607.28
607.36
607.52
607.64
607.72
607.96
608.24
608.36
608.44
608.56
608.76
608.92
609.08
609.2
609.24
609.4
609.6
609.72
609.8
609.88
609.88
609.92
609.96
609.96
610.04
610.16
610.24
610.32
610.4
610.52
610.64
610.8
611.0
611.2
611.4
611.56
611.68
612.04
612.2
612.4
612.56
612.76
613.08
613.32
613.56
613.72
613.92
614.08
614.2
614.28
614.4
614.52
614.68
614.8
614.88
614.96
615.08
615.2
615.32
615.52
615.8
615.96
616.04
616.16
616.32
616.48
616.64
616.76
616.92
617.04
617.12
617.28
617.4
617.52
617.72
617.92
618.08
618.2
618.36
618.44
618.48
618.56
618.68
618.68
618.68
618.68
618.68
618.68
618.84
618.96
619.08
619.28
619.52
619.68
619.84
619.96
620.12
620.2
620.32
620.44
620.52
623.32
623.48
623.68
624.84
626.36
626.84
627.52
628.6
629.44
630.32
631.08
632.04
632.84
633.76
634.72
635.6
636.56
637.28
638.2
638.8
639.76
640.6
641.36
642.12
643.08
643.84
644.52
645.28
646.24
647.16
648.08
648.72
649.24
649.84
650.24
651.2
651.96
653.0
654.04
654.56
655.2
655.84
656.36
656.96
657.72
658.32
658.88
659.48
660.04
660.72
661.68
662.6
663.56
664.44
665.04
665.44
665.96
666.64
667.28
667.84
668.56
669.44
670.32
670.92
671.68
672.52
673.28
674.0
674.64
675.28
675.76
676.52
677.56
678.68
679.76
680.36
680.88
681.48
682.04
682.84
683.64
684.44
685.32
686.32
687.12
687.72
688.56
689.36
690.2
691.04
691.96
692.88
693.76
694.48
695.04
695.8
696.72
697.52
698.4
699.32
700.12
701.12
702.24
703.4
704.44
705.32
706.0
706.72
707.48
708.28
709.2
710.08
711.0
711.84
712.6
713.32
714.12
715.08
715.88
716.64
717.0
717.48
718.04
718.72
719.12
719.68
720.16
720.64
721.24
721.84
722.24
722.68
723.48
724.16
724.64
725.12
725.68
726.24
726.68
727.0
727.28
727.68
728.2
728.76
729.16
729.64
730.2
730.84
731.36
731.96
732.52
733.0
733.72
734.32
734.8
735.28
735.76
736.24
737.0
737.68
738.24
738.72
739.36
740.04
740.92
741.56
742.16
742.72
743.04
743.36
743.68
744.12
744.56
744.92
745.36
745.88
746.44
746.8
747.28
747.8
748.24
748.8
749.16
749.48
750.04
750.52
751.04
751.64
752.12
752.52
752.92
753.44
754.04
754.64
755.56
756.48
757.16
757.84
758.52
759.2
759.96
760.72
761.48
762.2
762.92
763.68
764.24
764.84
765.52
766.16
766.4
766.84
767.44
768.16
768.76
769.48
770.04
770.76
771.36
771.92
772.52
772.84
773.44
773.96
774.68
775.36
775.96
776.6
777.28
777.88
778.52
779.16
779.56
780.12
780.6
781.24
781.76
782.44
783.12
783.88
784.52
785.24
785.92
786.48
787.08
787.52
788.12
788.56
788.84
789.36
789.84
790.28
790.8
791.32
791.84
792.64
793.12
793.6
794.04
794.48
794.96
795.48
795.96
796.52
797.2
798.0
798.68
799.44
800.12
800.6
801.2
801.8
802.36
803.12
803.84
804.52
805.24
806.0
806.64
807.32
807.88
808.48
809.12
809.92
810.68
811.4
812.08
812.88
813.68
814.52
815.2
815.96
816.8
817.56
818.2
818.76
819.48
820.16
820.8
821.36
821.36
821.36
821.36
821.36
821.36
821.36
821.36
821.36
821.36
821.36
821.36
821.36
821.36
821.36
821.36
821.36
821.36
821.36
821.36
821.36
821.36
821.36
821.36
821.36
821.36
821.36
821.36
821.36
821.36
821.36
821.36
821.36
821.36
821.36
821.36
821.36
821.36
821.36
821.36
821.36
821.36
821.36
821.36
821.36
821.36
821.36
821.36
821.36
821.36
821.36
821.36
821.36
821.36
821.36
821.36
821.36
821.36
821.36
821.36
821.36
821.36
821.36
821.36
821.36
821.36
821.36
821.36
821.36
821.36
821.36
821.36
821.36
821.36
821.36
821.36
821.36
821.36
821.36
821.36
821.36
821.36
821.36
821.36
821.36
821.36
821.36
821.36
821.36
821.36
821.36
821.36
821.36
821.36
821.36
821.36
821.36
821.36
821.36
821.36
821.36
821.36
821.36
821.36
821.36
821.36
821.36
821.36
821.36
821.36
821.36
821.36
821.36
821.36
821.36
821.36
821.36
821.36
821.36
821.36
821.36
821.36
821.36
821.36
821.36
821.36
821.36
821.36
821.36
821.36
821.36
821.36
821.36
821.36
821.36
821.36
821.36
821.36
821.36
821.36
821.36
821.36
821.36
821.36
821.36
821.36
821.36
821.36
821.36
821.36
821.36
822.08
822.08
822.08
822.12
822.16
822.2
822.2
822.28
822.32
822.36
822.4
822.44
822.44
822.48
822.56
822.6
822.6
822.6
822.64
822.72
822.8
822.88
823.0
823.16
823.4
823.8
824.08
824.4
824.72
825.0
825.4
825.68
825.96
826.04
826.08
826.2
826.36
826.44
826.48
826.56
826.68
826.84
827.08
827.2
827.32
827.44
827.6
827.8
827.96
828.04
828.16
828.24
828.28
828.32
828.44
828.6
828.84
828.88
828.92
828.92
829.0
829.2
829.36
829.44
829.56
829.56
829.6
829.64
829.92
830.08
830.28
830.36
830.44
830.52
830.6
830.72
830.76
830.92
831.04
831.2
831.32
831.44
831.6
831.88
832.12
832.28
832.4
832.6
832.8
833.0
833.12
833.28
833.44
833.64
833.84
834.08
834.2
834.36
834.48
834.56
834.72
834.84
834.88
834.96
835.08
835.12
835.24
835.28
835.4
835.56
835.68
835.76
835.84
835.92
835.96
836.04
836.08
836.08
836.12
836.12
836.12
836.16
836.32
836.56
836.76
836.96
837.16
837.32
837.48
837.64
837.84
838.0
838.04
838.16
838.32
838.44
838.52
838.64
838.72
838.8
838.92
839.0
839.04
839.12
839.2
839.28
839.32
839.36
839.52
839.72
842.6
842.72
842.8
843.76
845.4
845.92
846.48
847.68
848.68
849.44
850.48
851.32
852.28
853.12
854.08
855.08
856.0
857.04
857.84
858.64
859.44
860.36
861.24
862.48
863.32
864.32
865.4
866.44
867.12
867.88
868.68
869.56
870.44
871.16
871.8
872.2
873.12
874.16
874.92
875.68
876.52
877.56
878.64
879.48
880.28
881.04
881.88
882.64
883.64
884.56
885.48
886.4
887.28
888.36
889.44
890.6
891.76
892.64
893.2
894.04
894.96
896.36
897.84
899.04
900.12
901.28
902.48
903.48
904.44
905.64
906.56
907.8
909.24
910.52
911.72
912.72
913.72
914.76
915.72
916.56
917.6
918.72
919.84
921.12
922.24
923.16
924.32
925.28
926.24
927.16
928.12
929.24
930.44
931.6
932.48
933.52
934.64
935.84
936.96
938.04
939.0
940.0
940.92
941.76
942.68
943.72
944.92
946.08
947.28
948.6
949.64
950.64
951.52
952.36
953.16
953.88
954.52
955.2
956.12
957.04
957.64
958.28
958.88
959.48
960.04
960.64
961.24
961.8
962.4
962.96
963.36
963.84
964.24
964.64
965.0
965.44
966.08
966.6
967.12
967.84
968.56
969.12
969.64
970.16
970.6
971.08
971.44
971.92
972.64
973.32
974.0
