0.0
0.0
0.0
0.0
0.0
0.0
0.0
0.0
0.0
0.0
0.0
0.0
0.0
0.0
0.0
0.0
0.0
0.0
0.0
0.0
0.0
0.0
0.0
0.0
0.0
0.0
0.0
0.0
0.0
0.0
0.0
0.0
0.0
0.0
0.0
0.0
0.0
0.0
0.0
0.0
0.0
0.0
0.0
0.0
0.0
0.0
0.0
0.0
0.0
0.0
0.0
0.0
0.0
0.0
0.0
0.0
0.0
0.0
0.0
0.0
0.0
0.0
0.0
0.0
0.0
0.0
0.0
0.0
0.0
0.0
0.0
0.0
0.0
0.0
0.0
0.0
0.0
0.0
0.0
0.0
0.0
0.0
0.0
0.0
0.0
0.0
0.0
0.0
0.0
0.0
0.0
0.0
0.0
0.0
0.0
0.0
0.0
0.0
0.0
0.0
0.0
0.0
0.0
0.0
0.0
0.0
0.0
0.0
0.0
0.0
0.0
0.0
0.0
0.0
0.0
0.0
0.0
0.0
0.0
0.0
0.0
0.0
0.0
0.0
0.0
0.0
0.0
0.0
0.0
0.0
0.0
0.0
0.0
0.0
0.0
0.0
0.0
0.0
0.0
0.0
0.0
0.0
0.0
0.0
0.0
0.0
0.0
0.0
0.0
0.0
0.0
0.0
0.0
0.0
0.0
0.0
0.0
0.0
0.0
0.0
0.0
0.0
0.0
0.0
0.0
0.0
0.0
0.0
0.0
0.0
0.0
0.0
0.0
0.0
0.0
0.0
0.0
0.0
0.0
0.0
0.0
0.0
0.0
0.0
0.0
0.0
0.0
0.0
0.0
0.0
0.0
0.0
0.0
0.0
0.0
0.0
0.0
0.0
0.0
0.0
0.0
0.0
0.0
0.0
0.0
0.0
0.0
0.0
0.0
0.0
0.0
0.0
0.0
0.0
0.0
0.0
0.0
0.0
0.0
0.0
0.0
0.0
0.0
0.0
0.0
0.0
0.0
0.0
0.0
0.0
0.0
0.0
0.0
0.0
0.0
0.0
0.0
0.0
0.0
0.0
0.0
0.0
0.0
0.0
0.0
0.0
0.0
0.0
0.0
0.0
0.0
0.0
0.0
0.0
0.0
0.0
0.0
0.0
0.0
0.0
0.0
0.0
0.0
0.0
0.0
0.0
0.0
0.0
0.0
0.0
0.0
0.0
0.0
0.0
0.0
0.0
0.0
0.0
0.0
0.0
0.0
0.0
0.0
0.0
0.0
0.0
0.0
0.0
0.0
0.0
0.0
0.0
0.0
0.0
0.0
0.0
0.0
0.0
0.0
0.0
2.0
2.0
2.04
2.6
3.64
3.84
3.92
4.24
4.44
4.48
4.64
4.68
4.68
4.76
4.76
4.88
4.88
4.92
5.04
5.08
5.16
5.28
5.36
5.36
5.4
5.6
6.0
6.32
6.52
6.64
6.72
6.92
7.2
7.4
7.48
7.56
7.56
7.64
7.72
7.8
8.28
8.64
8.92
9.04
9.16
9.32
9.52
9.8
9.92
9.96
10.04
10.24
10.48
10.76
10.88
11.28
11.56
11.64
11.8
12.08
12.2
12.48
12.52
12.76
13.04
13.4
13.6
13.8
14.04
14.36
14.56
14.72
14.88
14.96
15.12
15.28
15.48
15.72
16.12
16.4
16.52
16.64
16.92
17.08
17.24
17.56
17.68
17.88
18.04
18.24
18.48
18.76
18.92
19.2
19.36
19.48
19.64
19.84
20.08
20.36
20.64
20.72
21.0
21.16
21.36
21.4
21.76
21.84
22.16
22.44
22.52
22.88
23.04
23.24
23.4
23.56
23.76
23.92
23.96
24.08
24.28
24.52
24.76
25.0
25.24
25.44
25.6
25.84
25.92
26.08
26.16
26.32
26.4
26.56
26.8
26.84
27.12
27.2
27.44
27.56
27.88
27.96
28.08
28.24
28.44
28.56
28.68
28.84
29.24
29.36
29.4
29.52
29.68
29.72
29.84
29.92
30.0
30.16
30.28
30.32
30.44
30.64
30.8
30.96
31.2
31.28
31.36
31.4
31.48
31.56
31.6
31.64
31.72
31.76
31.76
31.88
31.92
32.0
32.04
32.08
32.28
32.36
32.44
32.48
32.52
32.64
32.64
32.72
32.72
32.84
32.88
33.0
33.04
33.08
33.2
33.24
33.24
33.28
33.36
33.44
33.48
33.52
33.56
33.6
33.64
33.64
33.68
33.8
33.8
33.88
33.92
33.92
33.96
34.0
34.0
34.0
34.08
34.12
34.2
34.2
34.36
34.48
34.52
34.56
34.6
34.64
34.64
34.64
34.64
34.72
34.72
34.8
34.84
34.88
34.88
34.88
34.88
34.88
34.96
35.08
35.16
35.2
35.24
35.28
35.36
35.36
35.36
35.36
35.36
35.4
35.44
35.44
35.44
35.48
35.52
35.52
35.52
35.56
35.6
35.6
35.6
35.72
35.76
35.76
35.76
35.8
35.8
35.88
35.92
35.92
35.96
35.96
36.0
36.0
36.0
36.04
36.04
36.04
36.04
36.08
36.08
36.08
36.12
36.16
36.2
36.2
36.24
36.24
36.24
36.24
36.28
36.28
36.28
36.28
36.28
36.32
36.36
36.36
36.4
36.4
36.4
36.4
36.4
36.4
36.4
36.4
36.4
36.4
36.4
36.4
36.4
36.4
36.4
36.4
36.4
36.4
36.4
36.4
36.4
36.4
36.4
36.4
36.4
36.4
36.4
36.4
36.4
36.4
36.4
36.4
36.4
36.4
36.4
36.4
36.4
36.4
36.4
36.4
36.4
36.4
36.4
36.4
36.4
36.4
36.4
36.4
36.4
36.4
36.4
36.4
36.4
36.4
36.4
36.4
36.4
36.4
36.4
36.4
36.4
36.4
36.4
36.4
36.4
36.4
36.4
36.4
36.4
36.4
36.4
36.4
36.4
36.4
36.4
36.4
36.4
36.4
36.4
36.4
36.4
36.4
36.4
36.4
36.4
36.4
36.4
36.4
36.4
36.4
36.4
36.4
36.4
36.4
36.4
36.4
36.4
36.4
36.4
36.4
36.4
36.4
36.4
36.4
36.4
36.4
36.4
36.4
36.4
36.4
36.4
36.4
36.4
36.4
36.4
36.4
36.4
36.4
36.4
36.4
36.4
36.4
36.4
36.4
36.4
36.4
36.4
36.4
36.4
36.4
36.4
36.4
36.4
36.4
36.4
36.4
36.4
36.4
36.4
36.4
36.4
36.4
36.4
36.4
36.4
36.4
36.4
36.4
36.4
36.4
36.4
36.4
36.4
36.4
36.4
36.4
36.4
36.4
36.4
36.4
36.4
36.4
36.4
36.4
36.4
36.4
36.4
36.4
36.4
36.4
36.4
36.4
36.4
36.4
36.4
36.4
36.4
36.4
36.4
36.4
36.4
36.4
36.4
36.4
36.4
36.4
36.4
36.4
36.4
36.4
36.4
36.4
36.4
36.4
36.4
36.4
36.4
36.4
36.4
36.4
36.4
36.4
36.4
36.4
36.4
36.4
36.4
36.4
36.4
36.4
36.4
36.4
36.4
36.4
36.4
36.4
36.4
36.4
36.4
36.4
36.4
36.4
36.4
36.4
36.4
36.4
36.4
36.4
36.4
36.4
36.4
36.4
36.4
36.4
36.4
36.4
36.4
36.4
36.4
36.4
36.4
36.4
36.4
36.4
36.4
36.4
36.4
36.4
36.4
36.4
36.4
36.4
36.4
36.4
36.4
36.4
36.4
36.4
36.4
36.4
36.4
36.4
36.4
36.4
36.4
36.4
36.4
36.4
36.4
36.4
36.4
36.4
36.4
36.4
36.4
36.4
36.4
36.4
36.4
36.4
36.4
36.4
36.4
36.4
36.4
36.4
36.4
36.4
36.4
36.4
36.4
36.4
36.4
36.4
36.4
36.4
36.4
36.4
36.4
36.4
36.4
36.4
36.4
36.4
36.4
36.4
36.4
36.4
36.4
36.4
36.4
36.4
36.4
36.4
36.4
36.4
36.4
36.4
36.44
36.48
36.48
36.48
36.48
36.48
36.52
36.52
36.52
36.52
36.52
36.56
36.56
36.56
36.56
36.56
36.56
36.56
36.64
36.72
36.72
36.76
36.76
36.76
36.8
36.8
36.88
36.92
36.92
36.92
36.92
36.92
36.92
36.96
37.0
37.04
37.04
37.08
37.08
37.08
37.12
37.12
37.12
37.12
37.2
37.2
37.2
37.24
37.24
37.28
37.28
37.28
37.32
37.36
37.4
37.4
37.4
37.44
37.52
37.52
37.56
37.64
37.72
37.76
37.8
37.84
37.96
37.96
38.0
38.0
38.04
38.04
38.08
38.08
38.08
38.12
38.12
38.16
38.2
38.2
38.24
38.28
38.32
38.32
38.4
38.4
38.4
38.44
38.44
38.44
38.44
38.44
38.48
38.48
38.52
38.56
38.68
38.72
38.72
38.8
38.8
38.8
38.8
38.84
38.84
38.84
38.84
38.92
38.92
38.96
39.0
39.0
39.0
39.08
39.12
39.2
39.24
39.24
39.36
39.4
39.44
39.44
39.52
39.52
39.6
39.6
39.68
39.68
39.68
39.76
39.8
39.8
39.84
39.88
40.0
40.04
40.08
40.16
40.16
40.2
40.2
40.2
40.2
40.2
40.28
40.28
40.32
40.4
40.4
40.48
40.48
40.48
40.52
40.56
40.6
40.6
40.6
40.64
40.76
40.76
40.8
40.84
40.84
40.92
40.96
41.0
41.04
41.08
41.12
41.16
41.16
41.24
41.28
41.32
41.32
41.36
41.4
41.4
41.48
41.56
41.6
41.64
41.68
41.68
41.68
41.76
41.8
41.88
41.88
41.96
42.0
42.04
42.08
42.16
42.2
42.36
42.4
42.4
42.44
42.44
42.44
42.48
42.48
42.48
42.56
42.56
42.56
42.6
42.6
42.68
42.76
42.76
42.76
42.84
42.84
42.88
42.92
42.92
42.92
43.0
43.0
43.12
43.16
43.2
43.28
43.32
43.32
43.32
43.32
43.32
43.36
43.4
43.44
43.48
43.48
43.56
43.56
43.56
43.56
43.6
43.64
43.68
43.76
43.76
43.8
43.92
43.92
43.96
43.96
44.04
44.04
44.04
44.04
44.04
44.04
44.12
44.12
44.12
44.16
44.16
44.2
44.24
44.32
44.36
44.36
44.4
44.48
44.52
44.52
44.52
44.56
44.56
44.56
44.6
44.68
44.68
44.68
44.72
44.8
44.8
44.84
44.84
44.92
44.92
44.92
44.92
44.92
44.92
44.92
44.92
44.92
44.92
44.92
44.92
44.92
44.92
44.92
44.92
44.92
44.92
44.92
44.92
44.92
44.92
44.92
44.92
44.92
44.92
44.92
44.92
44.92
44.92
44.92
44.92
44.92
44.92
44.92
44.92
44.92
44.92
44.92
44.92
44.92
44.92
44.92
44.92
44.92
44.92
44.92
44.92
44.92
44.92
44.92
44.92
44.92
44.92
44.92
44.92
44.92
44.92
44.92
44.92
44.92
44.92
44.92
44.92
44.92
44.92
44.92
44.92
44.92
44.92
44.92
44.92
44.92
44.92
44.92
44.92
44.92
44.92
44.92
44.92
44.92
44.92
44.92
44.92
44.92
44.92
44.92
44.92
44.92
44.92
44.92
44.92
44.92
44.92
44.92
44.92
44.92
44.92
44.92
44.92
44.92
44.92
44.92
44.92
44.92
44.92
44.92
44.92
44.92
44.92
44.92
44.92
44.92
44.92
44.92
44.92
44.92
44.92
44.92
44.92
44.92
44.92
44.92
44.92
44.92
44.92
44.92
44.92
44.92
44.92
44.92
44.92
44.92
44.92
44.92
44.92
44.92
44.92
44.92
44.92
44.92
44.92
44.92
44.92
44.92
44.92
44.92
44.92
44.92
44.92
44.92
44.92
44.92
44.92
44.92
44.92
44.92
44.92
44.92
44.92
44.92
44.92
44.92
44.92
44.92
44.92
44.92
44.92
44.92
44.92
44.92
44.92
44.92
44.92
44.92
44.92
44.92
44.92
44.92
44.92
44.92
44.92
44.92
44.92
44.92
44.92
44.92
44.92
44.92
44.92
44.92
44.92
44.92
44.92
44.92
44.92
44.92
44.92
44.92
44.92
44.92
44.92
44.92
44.92
44.92
44.92
44.92
44.92
44.92
44.92
44.92
44.92
44.92
44.92
44.92
44.92
44.92
44.92
44.92
44.92
44.92
44.92
44.92
44.92
44.92
44.92
44.92
44.92
44.92
44.92
44.92
44.92
44.92
44.92
44.92
44.92
44.92
44.92
44.92
44.92
44.92
44.92
44.92
44.92
44.92
44.92
44.92
44.92
44.92
44.92
44.92
44.92
44.92
44.92
44.92
44.92
44.92
44.92
44.92
44.92
44.92
44.92
44.92
44.92
44.92
44.92
44.92
44.92
44.92
44.92
44.92
44.92
44.92
44.92
44.92
44.92
44.92
44.92
44.92
44.92
44.92
44.92
44.92
44.92
44.92
44.92
44.92
44.92
44.92
44.92
44.92
44.92
44.92
44.92
44.92
44.92
44.92
44.92
44.92
44.92
44.92
44.92
44.92
44.92
44.92
44.92
44.92
44.92
44.92
44.92
44.92
44.92
44.92
44.92
44.92
44.92
44.96
44.96
44.96
44.96
44.96
44.96
44.96
45.0
45.08
45.08
45.08
45.12
45.16
45.16
45.16
45.24
45.24
45.24
45.24
45.36
45.36
45.4
45.44
45.44
45.44
45.52
45.52
45.52
45.6
45.64
45.64
45.68
45.68
45.68
45.76
45.84
45.84
45.88
45.92
46.0
46.0
46.0
46.04
46.12
46.12
46.16
46.2
46.2
46.24
46.32
46.32
46.32
46.32
46.4
46.52
46.52
46.52
46.56
46.6
46.6
46.64
46.64
46.64
46.64
46.68
46.68
46.72
46.72
46.72
46.72
46.76
46.76
46.76
46.84
46.88
46.92
46.96
47.04
47.04
47.04
47.04
47.04
47.04
47.12
47.16
47.16
47.16
47.16
47.2
47.24
47.24
47.24
47.24
47.24
47.28
47.28
47.28
47.28
47.28
47.28
47.28
47.28
47.32
47.32
47.32
47.32
47.32
47.32
47.36
47.4
47.44
47.44
47.44
47.44
47.44
47.56
47.56
47.56
47.56
47.56
47.6
47.6
47.6
47.6
47.6
47.64
47.64
47.64
47.68
47.68
47.68
47.68
47.68
47.68
47.68
47.68
47.68
47.68
47.68
47.72
47.72
47.72
47.76
47.76
47.84
47.88
47.88
47.88
47.88
47.92
47.92
47.92
47.92
47.92
47.92
47.92
47.96
47.96
47.96
47.96
47.96
47.96
48.0
48.0
48.0
48.04
48.04
48.04
48.04
48.08
48.08
48.08
48.08
48.12
48.16
48.16
48.2
48.2
48.24
48.24
48.28
48.28
48.28
48.28
48.32
48.32
48.32
48.32
48.32
48.32
48.32
48.32
48.32
48.32
48.32
48.32
48.32
48.32
48.36
48.36
48.36
48.4
48.4
48.4
48.4
48.48
48.48
48.48
48.48
48.48
48.48
48.48
48.48
48.48
48.48
48.48
48.52
48.56
48.56
48.56
48.6
48.64
48.64
48.64
48.64
48.64
48.64
48.68
48.72
48.72
48.72
48.72
48.72
48.72
48.72
48.72
48.72
48.72
48.72
48.72
48.72
48.72
48.72
48.72
48.72
48.72
48.72
48.72
48.72
48.72
48.72
48.76
48.76
48.76
48.76
48.76
48.76
48.76
48.76
48.76
48.8
48.8
48.84
48.84
48.84
48.92
48.92
48.92
48.96
48.96
48.96
48.96
48.96
48.96
49.0
49.0
49.0
49.0
49.04
49.04
49.08
49.12
49.12
49.12
49.12
49.12
49.12
49.12
49.12
49.12
49.12
49.12
49.12
49.12
49.12
49.12
49.12
49.12
49.12
49.12
49.12
49.12
49.12
49.12
49.12
49.12
49.12
49.12
49.12
49.12
49.12
49.12
49.12
49.12
49.12
49.12
49.12
49.12
49.12
49.12
49.12
49.12
49.12
49.12
49.12
49.12
49.12
49.12
49.12
49.12
49.12
49.12
49.12
49.12
49.12
49.12
49.12
49.12
49.12
49.12
49.12
49.12
49.12
49.12
49.12
49.12
49.12
49.12
49.12
49.12
49.12
49.12
49.12
49.12
49.12
49.12
49.12
49.12
49.12
49.12
49.12
49.12
49.12
49.12
49.12
49.12
49.12
49.12
49.12
49.12
49.12
49.12
49.12
49.12
49.12
49.12
49.12
49.12
49.12
49.12
49.12
49.12
49.12
49.12
49.12
49.12
49.12
49.12
49.12
49.12
49.12
49.12
49.12
49.12
49.12
49.12
49.12
49.12
49.12
49.12
49.12
49.12
49.12
49.12
49.12
49.12
49.12
49.12
49.12
49.12
49.12
49.12
49.12
49.12
49.12
49.12
49.12
49.12
49.12
49.12
49.12
49.12
49.12
49.12
49.12
49.12
49.12
49.12
49.12
49.12
49.12
49.12
49.12
49.12
49.12
49.12
49.12
49.12
49.12
49.12
49.12
49.12
49.12
49.12
49.12
49.12
49.12
49.12
49.12
49.12
49.12
49.12
49.12
49.12
49.12
49.12
49.12
49.12
49.12
49.12
49.12
49.12
49.12
49.12
49.12
49.12
49.12
49.12
49.12
49.12
49.12
49.12
49.12
49.12
49.12
49.12
49.12
49.12
49.12
49.12
49.12
49.12
49.12
49.12
49.12
49.12
49.12
49.12
49.12
49.12
49.12
49.12
49.12
49.12
49.12
49.12
49.12
49.12
49.12
49.12
49.12
49.12
49.12
49.12
49.12
49.12
49.12
49.12
49.12
49.12
49.12
49.12
49.12
49.12
49.12
49.12
49.12
49.12
49.12
49.12
49.12
49.12
49.12
49.12
49.12
49.12
49.12
49.12
49.12
49.12
49.12
49.12
49.12
49.12
49.12
49.12
49.12
49.12
49.12
49.12
49.12
49.12
49.12
49.12
49.12
49.12
49.12
49.12
49.12
49.12
49.12
49.12
49.12
49.12
49.12
49.12
49.12
49.12
49.12
49.12
49.12
49.12
49.12
49.12
49.12
49.12
49.12
49.12
49.12
49.12
49.12
49.12
49.12
49.12
49.12
49.12
49.12
49.12
49.12
49.12
49.12
49.12
49.12
49.12
49.12
49.12
49.12
49.12
49.12
49.12
49.12
49.12
49.12
49.12
49.12
49.12
49.12
49.16
49.16
49.16
49.16
49.16
49.2
49.24
49.24
49.24
49.24
49.32
49.32
49.32
49.32
49.36
49.4
49.4
49.44
49.44
49.44
49.44
49.44
49.44
49.44
49.44
49.48
49.48
49.48
49.52
49.52
49.52
49.52
49.56
49.56
49.56
49.56
49.56
49.56
49.56
49.56
49.56
49.56
49.56
49.56
49.56
49.56
49.56
49.56
49.56
49.56
49.56
49.56
49.56
49.56
49.56
49.56
49.56
49.56
49.56
49.56
49.56
49.56
49.6
49.6
49.6
49.6
49.64
49.64
49.64
49.64
49.64
49.68
49.68
49.68
49.68
49.68
49.68
49.68
49.68
49.68
49.68
49.72
49.72
49.72
49.72
49.76
49.76
49.76
49.76
49.76
49.76
49.76
49.8
49.8
49.8
49.84
49.84
49.84
49.84
49.84
49.84
49.84
49.84
49.84
49.84
49.84
49.88
49.88
49.88
49.88
49.88
49.88
49.88
49.88
49.88
49.92
49.92
49.92
49.96
49.96
49.96
49.96
50.0
50.0
50.0
50.0
50.0
50.0
50.04
50.04
50.04
50.04
50.04
50.04
50.04
50.04
50.04
50.04
50.04
50.04
50.04
50.04
50.04
50.04
50.08
50.08
50.08
50.08
50.08
50.08
50.08
50.08
50.08
50.08
50.08
50.12
50.12
50.12
50.12
50.12
50.12
50.12
50.16
50.16
50.16
50.16
50.16
50.16
50.16
50.16
50.16
50.16
50.16
50.16
50.16
50.2
50.2
50.2
50.2
50.2
50.2
50.2
50.2
50.2
50.2
50.24
50.24
50.24
50.24
50.24
50.24
50.24
50.24
50.24
50.24
50.24
50.24
50.24
50.24
50.28
50.28
50.28
50.28
50.32
50.36
50.36
50.36
50.36
50.36
50.36
50.36
50.36
50.36
50.36
50.4
50.4
50.4
50.44
50.44
50.48
50.48
50.48
50.48
50.48
50.48
50.52
50.52
50.52
50.52
50.52
50.52
50.52
50.56
50.6
50.64
50.64
50.64
50.64
50.64
50.68
50.68
50.68
50.72
50.72
50.72
50.72
50.72
50.72
50.72
50.72
50.76
50.76
50.76
50.76
50.76
50.76
50.76
50.76
50.76
50.76
50.76
50.8
50.8
50.84
50.84
50.84
50.88
50.88
50.88
50.88
50.88
50.88
50.88
50.88
50.88
50.88
50.92
50.92
50.92
50.92
50.96
50.96
50.96
50.96
51.0
51.04
51.04
51.04
51.04
51.04
