0.0
0.28
0.52
0.92
1.0
1.0
1.0
1.0
1.0
1.0
1.08
1.12
1.32
1.56
1.8
1.96
2.0
2.0
2.0
2.0
2.12
2.16
2.24
2.32
2.48
2.52
2.6
2.64
2.76
2.84
3.12
3.28
3.32
3.44
3.48
3.56
3.64
3.64
3.76
3.88
3.96
4.0
4.08
4.24
4.24
4.28
4.44
4.52
4.6
4.68
4.72
4.8
5.08
5.12
5.2
5.28
5.36
5.44
5.48
5.6
5.72
5.8
5.88
5.92
5.96
6.08
6.2
6.24
6.32
6.44
6.52
6.56
6.68
6.68
6.72
6.76
6.92
6.96
7.08
7.16
7.2
7.32
7.44
7.52
7.6
7.72
7.8
7.92
7.96
8.0
8.08
8.2
8.32
8.36
8.36
8.4
8.44
8.56
8.72
8.8
8.88
9.0
9.0
9.08
9.16
9.24
9.4
9.52
9.6
9.6
9.8
9.8
9.84
9.84
10.04
10.16
10.16
10.2
10.24
10.32
10.32
10.48
10.52
10.72
10.76
10.76
10.8
10.88
11.0
11.08
11.16
11.4
11.52
11.56
11.6
11.64
11.76
11.84
11.88
12.0
12.04
12.12
12.16
12.28
12.32
12.4
12.56
12.68
12.72
12.8
12.8
12.8
12.8
12.8
12.8
12.8
12.8
12.8
12.8
12.8
12.8
12.8
12.8
12.8
12.8
12.8
12.8
12.8
12.8
12.8
12.8
12.8
12.8
12.8
12.8
12.8
12.8
12.8
12.8
12.8
12.8
12.8
12.8
12.8
12.8
12.8
12.8
12.8
12.8
12.8
12.8
12.8
12.8
12.8
12.8
12.8
12.8
12.8
12.8
12.8
12.8
12.8
12.8
12.8
12.8
12.8
12.8
12.8
12.8
12.8
12.8
12.8
12.8
12.8
12.8
12.8
12.8
12.8
12.8
12.8
12.8
12.8
12.8
12.8
12.8
12.8
12.8
12.8
12.8
12.8
12.8
12.8
12.8
12.8
12.8
12.8
12.8
12.8
12.8
12.8
12.8
12.8
12.8
12.8
12.8
12.8
12.8
12.8
12.8
12.8
12.8
12.8
12.8
12.8
12.8
12.8
12.8
12.8
12.8
12.8
12.8
12.8
12.8
12.8
12.8
12.8
12.8
12.8
12.8
12.8
12.8
12.8
12.8
12.8
12.8
12.8
12.8
12.8
12.8
12.8
12.8
12.8
12.8
12.8
12.8
12.8
12.8
12.8
12.8
12.8
12.8
12.8
12.8
12.8
12.8
12.8
12.8
12.8
12.8
12.8
13.12
13.8
13.8
13.8
13.8
13.8
13.8
13.8
13.8
13.8
13.8
13.84
14.2
14.48
14.68
14.76
14.8
14.8
14.8
14.8
14.84
14.92
15.12
15.24
15.36
15.52
15.64
15.68
15.72
15.84
15.84
15.92
16.08
16.24
16.28
16.36
16.44
16.48
16.52
16.72
16.72
16.76
16.84
17.0
17.16
17.16
17.24
17.36
17.36
17.4
17.44
17.6
17.68
17.84
17.88
18.08
18.24
18.24
18.32
18.44
18.48
18.56
18.76
18.92
19.04
19.04
19.12
19.2
19.2
19.24
19.28
19.32
19.4
19.52
19.64
19.72
19.88
19.92
19.92
20.0
20.0
20.12
20.2
20.32
20.48
20.6
20.6
20.6
20.72
20.8
20.84
20.92
21.08
21.12
21.24
21.32
21.4
21.44
21.48
21.64
21.68
21.88
21.92
22.0
22.04
22.12
22.16
22.24
22.24
22.32
22.32
22.48
22.48
22.48
22.6
22.76
22.8
22.92
23.12
23.2
23.28
23.32
23.36
23.36
23.56
23.68
23.72
23.88
23.92
24.0
24.08
24.12
24.2
24.32
24.44
24.52
24.56
24.76
24.8
24.92
25.0
25.12
25.12
25.16
25.28
25.36
25.4
25.48
25.56
25.68
25.92
26.44
26.52
26.64
26.8
26.88
26.88
27.08
27.28
27.52
27.56
27.64
27.8
27.92
28.08
28.24
28.52
28.72
28.84
28.88
29.12
29.28
29.44
29.64
29.8
30.04
30.12
30.32
30.44
30.68
30.8
30.96
30.96
31.16
31.32
31.52
31.76
31.8
31.92
32.08
32.16
32.32
32.6
32.64
32.88
33.04
33.16
33.32
33.52
33.8
33.84
33.92
34.16
34.36
34.72
34.76
35.04
35.2
35.24
35.44
35.64
35.8
36.0
36.24
36.36
36.56
36.72
37.0
37.2
37.32
37.48
37.6
37.72
37.8
38.08
38.2
38.4
38.52
38.76
38.84
38.92
39.24
39.32
39.52
39.64
39.8
39.92
40.12
40.28
40.44
40.52
40.68
40.84
41.08
41.16
41.36
41.44
41.6
41.8
42.04
42.2
42.32
42.44
42.72
42.88
43.08
43.16
43.36
43.52
43.68
43.92
44.08
44.32
44.44
44.52
44.64
44.92
45.0
45.12
45.36
45.68
45.76
45.8
46.0
46.2
46.36
46.48
46.76
46.88
47.16
47.28
47.32
47.48
47.72
47.92
48.12
48.2
48.28
48.36
48.64
48.76
49.04
49.16
49.2
49.4
49.48
49.6
49.76
49.84
50.04
50.04
50.04
50.04
50.04
50.08
50.12
50.16
50.16
50.16
50.16
50.2
50.24
50.24
50.24
50.24
50.24
50.24
50.24
50.24
50.24
50.24
50.24
50.24
50.24
50.24
50.24
50.24
50.24
50.24
50.24
50.24
50.24
50.24
50.24
50.24
50.24
50.24
50.24
50.24
50.24
50.24
50.24
50.24
50.24
50.24
50.24
50.24
50.24
50.24
50.24
50.24
50.24
50.24
50.24
50.24
50.24
50.24
50.24
50.24
50.24
50.24
50.24
50.24
50.24
50.24
50.24
50.24
50.24
50.24
50.24
50.24
50.24
50.24
50.24
50.24
50.24
50.24
50.24
50.24
50.28
50.32
50.32
50.32
50.32
50.36
50.4
50.4
50.4
50.4
50.44
50.44
50.48
50.48
50.48
50.48
50.52
50.52
50.6
50.6
50.6
50.6
50.6
50.64
50.72
50.72
50.72
50.72
50.76
50.76
50.76
50.76
50.76
50.76
50.76
50.76
50.8
50.96
50.96
50.96
50.96
50.96
51.0
51.04
51.16
51.16
51.16
51.16
51.16
51.16
51.2
51.32
51.48
51.48
51.48
51.48
51.48
51.48
51.56
51.76
51.76
51.76
51.76
51.76
51.76
51.84
51.88
51.96
52.08
52.12
52.12
52.12
52.12
52.12
52.12
52.12
52.12
52.12
52.12
52.12
52.12
52.12
52.12
52.12
52.12
52.12
52.12
52.12
52.12
52.12
52.12
52.12
52.12
52.12
52.12
52.12
52.12
52.12
52.12
52.12
52.12
52.12
52.12
52.12
52.12
52.12
52.12
52.12
52.12
52.12
52.12
52.12
52.12
52.12
52.12
52.12
52.12
52.12
52.12
52.12
52.12
52.12
52.12
52.12
52.12
52.12
52.12
52.12
52.12
52.12
52.12
52.12
52.12
52.12
52.12
52.12
52.12
52.12
52.12
52.12
52.12
52.12
52.12
52.12
52.12
52.12
52.12
52.12
52.12
52.12
52.12
52.12
52.12
52.12
52.12
52.12
52.12
52.12
52.12
52.12
52.12
52.12
52.12
52.12
52.12
52.12
52.12
52.12
52.12
52.12
52.12
52.12
52.12
52.12
52.12
52.12
52.12
52.12
52.12
52.12
52.12
52.12
52.12
52.12
52.12
52.12
52.12
52.12
52.12
52.12
52.12
52.12
52.12
52.12
52.12
52.12
52.12
52.12
52.12
52.12
52.12
52.12
52.12
52.12
52.12
52.12
52.12
52.12
52.12
52.12
52.12
52.12
52.12
52.12
52.12
52.12
52.12
52.12
52.12
52.12
52.12
52.32
53.12
53.12
53.12
53.12
53.12
53.12
53.12
53.28
53.6
53.76
53.8
53.84
53.92
53.92
53.92
54.0
54.24
54.4
54.52
54.52
54.56
54.6
54.64
54.8
54.96
55.08
55.28
55.32
55.32
55.44
55.52
55.64
55.72
55.88
56.0
56.0
56.04
56.12
56.16
56.24
56.4
56.56
56.72
56.72
56.76
56.92
57.0
57.08
57.2
57.24
57.32
57.4
57.52
57.64
57.76
57.76
57.84
58.0
58.12
58.24
58.36
58.48
58.52
58.6
58.68
58.84
58.88
58.96
59.16
59.28
59.32
59.36
59.48
59.52
59.64
59.64
59.8
59.92
60.0
60.16
60.24
60.4
60.44
60.68
60.76
60.88
60.96
61.0
61.16
61.32
61.36
61.48
61.6
61.8
61.84
61.92
62.04
62.16
62.2
62.28
62.4
62.4
62.6
62.8
62.84
63.0
63.04
63.08
63.2
63.36
63.52
63.6
63.8
63.92
63.96
64.0
64.08
64.12
64.28
64.52
64.64
64.76
64.84
64.84
65.0
65.08
65.16
65.36
65.4
65.48
65.52
65.64
65.68
65.92
66.0
66.04
66.08
66.16
66.36
66.4
66.64
66.72
66.72
66.72
66.72
66.8
66.96
67.2
67.36
67.52
67.88
67.96
67.96
68.0
68.12
68.28
68.6
68.76
68.92
69.12
69.16
69.16
69.32
69.4
69.6
69.88
70.04
70.2
70.24
70.24
70.48
70.6
70.8
71.0
71.08
71.2
71.32
71.48
71.8
71.88
72.0
72.12
72.32
72.4
72.8
72.96
73.2
73.28
73.4
73.52
73.68
73.92
74.16
74.44
74.6
74.72
74.8
74.96
75.08
75.44
75.56
75.72
75.92
76.08
76.12
76.32
76.44
76.56
76.8
77.04
77.24
77.32
77.52
77.68
77.68
77.96
78.24
78.36
78.52
78.64
78.8
78.96
79.04
79.32
79.6
79.84
80.12
80.32
80.4
80.52
80.64
80.84
80.96
81.2
81.52
81.76
81.88
82.08
82.2
82.24
82.36
82.68
82.84
83.2
83.32
83.44
83.6
83.8
83.96
84.12
84.24
84.56
84.84
85.04
85.12
85.16
85.44
85.68
85.8
86.0
86.28
86.36
86.52
86.8
86.96
87.2
87.56
87.64
87.72
87.84
88.08
88.32
88.52
88.72
88.84
89.0
89.16
89.36
89.48
89.72
89.96
90.24
90.28
90.48
90.72
90.88
91.16
91.52
91.56
91.8
92.08
92.16
92.44
92.56
92.72
92.8
93.12
93.28
93.32
93.56
93.72
93.84
93.96
93.96
94.08
94.16
94.2
94.32
94.4
94.56
94.64
94.76
94.84
94.92
95.04
95.16
95.2
95.28
95.36
95.44
95.48
95.6
95.76
95.92
96.0
96.12
96.2
96.24
96.36
96.56
96.72
96.76
96.84
96.96
97.04
97.16
97.24
97.28
97.44
97.6
97.72
97.8
97.8
97.92
98.0
98.08
98.08
98.16
98.32
98.44
98.48
98.52
98.6
98.64
98.72
98.84
98.96
99.08
99.16
99.24
99.28
99.4
99.4
99.56
99.68
99.8
99.92
99.92
99.96
100.08
100.16
100.36
100.48
100.64
100.72
100.8
100.8
100.92
100.96
101.12
101.32
101.36
101.48
101.72
101.72
101.76
101.8
101.96
102.08
102.12
102.28
102.56
102.56
102.56
102.64
102.76
102.8
103.08
103.12
103.2
103.32
103.4
103.6
103.64
103.72
103.8
103.96
104.08
104.08
104.32
104.4
104.48
104.52
104.6
104.8
104.88
104.96
105.16
105.2
105.32
105.4
105.48
105.52
105.68
105.76
105.8
105.84
106.0
106.16
106.2
106.2
106.24
106.28
106.32
106.4
106.48
106.56
106.68
106.72
106.72
106.72
106.72
106.8
106.84
106.88
106.96
107.04
107.04
107.04
107.04
107.04
107.04
107.04
107.04
107.04
107.04
107.04
107.04
107.04
107.04
107.04
107.04
107.04
107.04
107.04
107.04
107.04
107.04
107.04
107.04
107.04
107.04
107.04
107.04
107.04
107.04
107.04
107.04
107.04
107.04
107.04
107.04
107.04
107.04
107.04
107.04
107.04
107.04
107.04
107.04
107.04
107.04
107.04
107.04
107.04
107.04
107.04
107.04
107.04
107.04
107.04
107.04
107.04
107.04
107.04
107.04
107.04
107.04
107.04
107.04
107.04
107.04
107.04
107.04
107.04
107.04
107.04
107.04
107.04
107.04
107.04
107.04
107.04
107.04
107.04
107.04
107.04
107.04
107.04
107.04
107.04
107.04
107.04
107.04
107.04
107.04
107.04
107.04
107.04
107.04
107.04
107.04
107.04
107.04
107.04
107.04
107.04
107.04
107.04
107.04
107.04
107.04
107.04
107.04
107.04
107.04
107.04
107.04
107.04
107.04
107.04
107.04
107.04
107.04
107.04
107.04
107.04
107.04
107.04
107.04
107.04
107.04
107.04
107.04
107.04
107.04
107.04
107.04
107.04
107.04
107.04
107.04
107.04
107.04
107.04
107.04
107.04
107.04
107.04
107.04
107.04
107.04
107.04
107.04
107.04
107.04
107.04
107.04
107.04
107.2
108.04
108.04
108.04
108.04
108.04
108.04
108.12
108.28
108.52
108.6
108.68
108.68
108.72
108.84
108.92
109.04
109.24
109.48
109.52
109.52
109.6
109.68
109.72
109.96
110.04
110.2
110.28
110.4
110.52
110.52
110.56
110.68
110.84
110.88
110.92
111.12
111.32
111.48
111.56
111.6
111.64
111.72
111.8
111.88
112.0
112.08
112.24
112.24
112.32
112.4
112.4
112.56
112.6
112.8
112.92
113.0
113.12
113.2
113.24
113.36
113.48
113.68
113.72
113.88
113.92
114.08
114.2
114.28
114.32
114.32
114.56
114.6
114.6
114.76
114.88
115.08
115.16
115.28
115.32
115.32
115.36
115.44
115.56
115.76
115.88
116.04
116.16
116.16
116.2
116.28
116.32
116.44
116.76
116.96
116.96
117.04
117.12
117.2
117.28
117.48
117.68
117.8
117.8
117.84
117.96
118.12
118.16
118.24
118.4
118.48
118.52
118.52
118.64
118.72
118.8
118.96
119.04
119.16
119.24
119.32
119.44
119.52
119.52
119.64
119.8
119.88
119.92
120.0
120.08
120.28
120.32
120.4
120.56
120.56
120.72
120.88
121.0
121.12
121.2
121.2
121.28
121.4
121.44
121.52
121.64
121.76
121.8
121.92
121.92
122.08
122.48
122.68
122.76
122.76
122.76
122.84
123.08
123.24
123.44
123.76
123.88
124.08
124.16
124.2
124.28
124.68
124.8
124.96
125.2
125.36
125.48
125.68
125.8
126.12
126.36
126.44
126.52
126.56
126.84
127.0
127.04
127.12
127.48
127.64
127.92
127.96
128.08
128.24
128.44
128.56
128.6
129.04
129.16
129.36
129.44
129.68
129.8
129.88
130.04
130.36
130.6
130.72
130.92
131.2
131.2
131.28
131.44
131.56
131.72
131.84
132.08
132.24
132.4
132.6
132.88
133.04
133.12
133.36
133.52
133.72
133.88
134.04
134.4
134.6
134.72
134.88
135.16
135.28
135.48
135.6
135.88
136.0
136.28
136.6
136.84
136.96
137.04
137.24
137.36
137.6
137.72
137.96
138.12
138.56
138.72
138.8
139.12
139.16
139.24
139.48
139.64
139.84
140.2
140.36
140.52
140.76
141.0
141.16
141.44
141.64
141.88
142.24
142.44
142.6
142.84
142.92
143.08
143.12
143.36
143.56
143.88
144.12
144.2
144.36
144.56
144.92
145.24
145.4
145.52
145.64
145.84
146.12
146.28
146.64
146.96
147.16
147.24
147.36
147.52
147.84
148.08
148.36
148.48
148.68
148.84
149.0
149.28
149.36
149.64
149.72
149.8
149.84
149.92
150.04
150.12
150.24
150.36
150.48
150.56
150.64
150.76
150.84
150.88
151.16
151.28
151.28
151.36
151.52
151.64
151.84
151.92
152.04
152.08
152.16
152.24
152.24
152.48
152.56
152.68
152.8
152.8
152.92
153.0
153.04
153.16
153.24
153.4
153.48
153.48
153.64
153.8
153.88
153.92
154.08
154.12
154.24
154.32
154.44
154.48
154.68
154.84
154.92
154.96
155.0
155.08
155.12
155.28
155.4
155.52
155.6
155.76
155.8
155.92
155.96
156.12
156.24
156.24
156.44
156.56
156.6
156.68
156.76
156.84
156.88
156.96
157.0
157.24
157.36
157.52
157.6
157.64
157.68
157.8
157.92
158.04
158.2
158.36
158.4
158.44
158.52
158.64
158.64
158.88
158.88
159.08
159.16
159.2
159.28
159.32
159.48
159.64
159.72
159.8
159.96
160.04
160.16
160.24
160.36
160.4
160.64
160.84
160.96
161.0
161.0
161.08
161.16
161.28
161.52
161.68
161.8
161.8
161.84
161.92
162.04
162.16
162.28
162.44
162.48
162.64
162.68
162.72
162.76
162.8
163.0
163.08
163.24
163.36
163.44
163.52
163.6
163.64
163.76
163.84
163.92
163.96
164.08
164.2
164.24
164.32
164.32
164.32
164.32
164.32
164.32
164.32
164.32
164.32
164.32
164.32
164.32
164.32
164.32
164.32
164.32
164.32
164.32
164.32
164.32
164.32
164.32
164.32
164.32
164.32
164.32
164.32
164.32
164.32
164.32
164.32
164.32
164.32
164.32
164.32
164.32
164.32
164.32
164.32
164.32
164.32
164.32
164.32
164.32
164.32
164.32
164.32
164.32
164.32
164.32
164.32
164.32
164.32
164.32
164.32
164.32
164.32
164.32
164.32
164.32
164.32
164.32
164.32
164.32
164.32
164.32
164.32
164.32
164.32
164.32
164.32
164.32
164.32
164.32
164.32
164.32
164.32
164.32
164.32
164.32
164.32
164.32
164.32
164.32
164.32
164.32
164.32
164.32
164.32
164.32
164.32
164.32
164.32
164.32
164.32
164.32
164.32
164.32
164.32
164.32
164.32
164.32
164.32
164.32
164.32
164.32
164.32
164.32
164.32
164.32
164.32
164.32
164.32
164.32
164.32
164.32
164.32
164.32
164.32
164.32
164.32
164.32
164.32
164.32
164.32
164.32
164.32
164.32
164.32
164.32
164.32
164.32
164.32
164.32
164.32
164.32
164.32
164.32
164.32
164.32
164.32
164.32
164.32
164.32
164.32
164.32
164.32
164.32
164.32
164.32
164.32
164.68
165.32
165.32
165.32
165.32
165.32
165.4
165.44
165.64
165.76
165.92
166.0
166.04
166.12
166.16
166.2
166.36
166.48
166.56
166.72
166.8
166.88
166.96
167.0
167.08
167.2
167.32
167.48
167.48
167.56
167.76
167.84
167.92
168.08
168.16
168.24
168.32
168.48
168.56
168.64
168.76
168.96
169.08
169.16
169.16
169.16
169.32
169.4
169.52
169.76
169.84
169.88
169.88
169.92
170.04
170.2
170.28
170.48
170.6
170.72
170.8
170.88
170.88
171.04
171.08
171.16
171.32
171.4
171.64
171.68
171.72
171.76
171.8
171.96
172.08
172.24
172.32
172.48
172.52
172.56
172.56
172.72
172.84
172.96
173.16
173.28
173.36
173.44
173.52
173.64
173.72
173.72
173.92
174.0
174.24
174.32
174.36
174.44
174.48
174.56
174.64
174.72
174.88
174.96
175.04
175.12
175.16
175.36
175.44
175.52
175.64
175.68
175.76
175.8
175.96
176.0
176.04
176.24
176.32
176.36
176.52
176.64
176.72
176.84
176.92
176.96
177.04
177.08
177.32
177.48
177.52
177.56
177.6
177.72
177.8
177.84
178.12
178.2
178.28
178.48
178.56
178.64
178.76
178.84
179.0
179.04
179.08
179.12
179.4
179.44
179.84
180.2
180.32
180.4
180.44
180.6
180.64
180.96
181.2
181.4
181.6
181.92
182.12
182.2
182.32
182.64
182.92
183.04
183.24
183.48
183.56
183.64
183.88
184.04
184.16
184.36
184.48
184.68
184.96
185.16
185.36
185.6
185.8
185.88
186.12
186.28
186.64
186.84
187.2
187.32
187.44
187.76
187.88
188.04
188.36
188.6
188.84
188.88
189.08
189.32
189.44
189.6
189.92
190.04
190.24
190.4
190.6
190.96
191.12
191.4
191.56
191.68
191.92
192.16
192.32
192.56
192.72
192.8
193.04
193.16
193.36
193.48
193.76
194.04
194.2
194.28
194.4
194.72
194.88
195.04
195.36
195.48
195.72
195.8
196.0
196.16
196.4
196.44
196.76
197.08
197.24
197.48
197.68
198.0
198.12
198.36
198.48
198.92
199.12
199.24
199.44
199.6
199.88
199.92
200.12
200.48
200.6
200.92
201.12
201.2
201.4
201.48
201.8
202.04
202.2
202.52
202.76
202.96
203.08
203.16
203.32
203.4
203.8
204.04
204.32
204.48
204.68
204.8
205.0
205.32
205.56
205.72
205.92
206.08
206.2
206.4
206.6
206.76
206.96
207.2
207.4
207.6
207.68
207.88
208.12
208.4
208.48
208.8
209.0
209.12
209.2
