8.4
8.08
8.04
7.52
7.64
7.84
7.88
8.04
8.04
8.08
8.12
8.04
7.96
7.8
7.76
7.68
7.72
7.68
7.72
7.72
7.68
7.76
7.76
7.72
7.64
7.6
7.56
7.52
7.52
7.84
7.72
7.76
7.72
7.8
7.72
7.84
7.76
7.96
7.92
7.88
7.92
7.84
7.88
7.76
7.84
7.72
7.72
7.72
7.76
7.92
7.8
7.76
7.72
7.64
7.6
7.6
7.64
7.84
7.8
7.92
8.04
7.88
8.04
8.08
8.04
7.96
7.92
7.96
7.8
7.84
7.76
7.76
7.72
7.76
7.8
7.68
7.56
7.6
7.56
7.52
7.56
7.44
7.48
7.44
7.4
7.36
7.36
7.4
7.48
7.36
7.32
7.44
7.32
7.52
7.56
7.56
7.6
7.6
7.56
7.56
7.8
7.76
7.8
7.8
7.88
7.88
7.88
7.88
7.88
7.88
7.68
7.76
7.8
7.72
7.6
7.64
7.64
7.64
7.64
7.68
7.68
7.56
7.52
7.56
7.44
7.44
7.56
7.52
7.52
7.64
7.84
7.76
7.84
7.92
8.04
7.88
7.88
8.04
8.04
8.0
8.04
7.88
7.92
7.88
8.04
8.08
8.08
8.12
7.84
7.92
0.0
0.0
0.0
0.0
0.0
0.0
0.0
0.0
0.0
0.0
0.0
0.0
0.0
0.0
0.0
0.0
0.0
0.0
0.0
0.0
0.0
0.0
0.0
0.0
0.0
0.0
0.0
0.0
0.0
0.0
0.0
0.0
0.0
0.0
0.0
0.0
0.0
0.0
0.0
0.0
0.0
0.0
0.0
0.0
0.0
0.0
0.0
0.0
0.0
0.0
0.0
0.0
0.0
0.0
0.0
0.0
0.0
0.0
0.0
0.0
0.0
0.0
0.0
0.0
0.0
0.0
0.0
0.0
0.0
0.0
0.0
0.0
0.0
0.0
0.0
0.0
0.0
0.0
0.0
0.0
0.0
0.0
0.0
0.0
0.0
0.0
0.0
0.0
0.0
0.0
0.0
0.0
0.0
0.0
0.0
0.0
0.0
0.0
0.0
0.0
0.0
0.0
0.0
0.0
0.0
0.0
0.0
0.0
0.0
0.0
0.0
0.0
0.0
0.0
0.0
0.0
0.0
0.0
0.0
0.0
0.0
0.0
0.0
0.0
0.0
0.0
0.0
0.0
0.0
0.0
0.0
0.0
0.0
0.0
0.0
0.0
0.0
0.0
0.0
0.0
0.0
0.0
0.0
0.0
0.0
0.0
0.0
0.0
0.0
0.0
0.0
0.0
0.0
0.0
0.0
0.0
0.0
0.0
0.0
0.0
0.0
0.0
0.0
0.0
0.0
0.0
0.0
0.0
0.0
0.0
0.0
0.0
0.0
0.0
0.0
0.0
0.0
0.0
0.0
0.0
0.0
0.0
0.0
0.0
0.0
0.0
0.0
0.0
0.0
0.0
0.0
0.0
0.0
0.0
0.0
0.0
0.0
0.0
0.0
0.0
0.0
0.0
0.0
0.0
0.0
0.0
0.0
0.0
0.0
0.0
0.0
0.0
0.0
0.0
0.0
0.0
0.0
0.0
0.0
0.0
0.0
0.0
0.0
0.0
0.0
0.0
0.0
0.0
0.0
0.0
0.0
0.0
0.0
0.0
0.0
0.0
0.0
0.0
0.0
0.0
0.0
0.0
0.0
0.0
0.0
0.0
0.0
0.0
0.0
0.0
0.0
0.0
0.0
0.0
0.0
0.0
0.0
0.0
0.0
0.0
0.0
0.0
0.0
0.0
0.0
0.0
0.0
0.0
0.0
0.0
0.0
0.0
0.0
0.0
0.0
0.0
0.0
0.0
0.0
0.0
0.0
0.0
0.0
0.0
0.0
0.0
0.0
0.0
0.0
0.0
0.0
0.0
0.0
0.0
0.0
0.0
0.0
0.0
0.0
0.0
7.76
7.36
7.36
7.48
7.52
7.68
7.68
7.68
7.6
7.56
7.6
7.56
7.6
7.52
7.52
7.68
7.92
7.92
7.88
7.76
7.8
7.72
7.64
7.64
7.68
7.72
7.76
7.76
7.8
7.76
7.84
7.8
7.76
7.76
7.6
7.44
7.4
7.52
7.44
7.32
7.28
7.28
7.12
7.12
7.08
7.04
7.08
7.0
6.96
6.96
6.96
6.92
6.88
6.8
6.76
6.76
6.72
6.72
6.56
6.56
6.4
6.32
6.32
6.24
6.2
6.08
5.96
5.84
5.76
5.68
5.72
5.64
5.48
5.32
5.2
5.08
5.0
4.96
4.92
4.8
4.8
4.6
4.48
4.44
4.36
4.24
4.12
4.12
4.04
3.92
3.84
3.72
3.6
3.44
3.36
3.36
3.36
3.24
3.16
3.0
2.88
2.8
2.8
2.8
2.76
2.76
2.56
2.44
2.28
2.2
2.16
2.16
2.08
2.0
1.92
1.76
1.68
1.68
1.56
1.48
1.32
1.28
1.28
1.16
1.12
1.12
1.12
1.08
1.0
0.92
0.88
0.8
0.72
0.72
0.72
0.64
0.56
0.48
0.44
0.4
0.36
0.48
0.48
0.48
0.44
0.44
0.4
0.44
0.4
0.4
0.4
0.4
0.4
0.44
0.44
0.44
0.44
0.44
0.44
0.4
0.52
0.48
0.48
0.48
0.48
0.48
0.56
0.6
0.6
0.6
0.6
0.6
0.6
0.72
0.76
0.76
0.76
0.76
0.76
0.76
0.76
0.84
0.92
0.92
0.92
0.92
0.96
1.0
1.24
1.32
1.32
1.32
1.36
1.36
1.36
1.36
1.52
1.56
1.64
1.64
1.68
1.68
1.72
1.76
1.76
1.76
1.84
1.88
1.88
1.88
1.88
1.88
1.88
1.92
2.04
2.08
2.08
2.08
2.16
2.16
2.2
2.28
2.32
2.4
2.44
2.48
2.48
2.52
2.56
2.56
2.6
2.64
2.68
2.64
2.72
2.76
2.76
2.76
2.76
2.84
2.84
2.84
2.92
2.96
2.96
3.04
3.2
3.28
3.32
3.48
3.52
3.52
3.64
3.72
3.76
3.92
3.96
4.04
4.12
4.04
4.04
4.2
4.2
4.36
4.44
4.52
4.52
4.6
4.64
4.64
4.84
4.84
4.96
4.88
4.92
5.04
5.04
5.16
5.36
5.52
5.48
5.44
5.4
5.48
5.6
5.68
5.72
5.8
5.84
5.88
6.0
6.08
6.2
6.2
6.24
6.36
6.36
6.28
6.4
6.48
0.0
0.0
0.0
0.0
0.0
0.0
0.0
0.0
0.0
0.0
0.0
0.0
0.0
0.0
0.0
0.0
0.0
0.0
0.0
0.0
0.0
0.0
0.0
0.0
0.0
0.0
0.0
0.0
0.0
0.0
0.0
0.0
0.0
0.0
0.0
0.0
0.0
0.0
0.0
0.0
0.0
0.0
0.0
0.0
0.0
0.0
0.0
0.0
0.0
0.0
0.0
0.0
0.0
0.0
0.0
0.0
0.0
0.0
0.0
0.0
0.0
0.0
0.0
0.0
0.0
0.0
0.0
0.0
0.0
0.0
0.0
0.0
0.0
0.0
0.0
0.0
0.0
0.0
0.0
0.0
0.0
0.0
0.0
0.0
0.0
0.0
0.0
0.0
0.0
0.0
0.0
0.0
0.0
0.0
0.0
0.0
0.0
0.0
0.0
0.0
0.0
0.0
0.0
0.0
0.0
0.0
0.0
0.0
0.0
0.0
0.0
0.0
0.0
0.0
0.0
0.0
0.0
0.0
0.0
0.0
0.0
0.0
0.0
0.0
0.0
0.0
0.0
0.0
0.0
0.0
0.0
0.0
0.0
0.0
0.0
0.0
0.0
0.0
0.0
0.0
0.0
0.0
0.0
0.0
0.0
0.0
0.0
0.0
0.0
0.0
0.0
0.0
0.0
0.0
0.0
0.0
0.0
0.0
0.0
0.0
0.0
0.0
0.0
0.0
0.0
0.0
0.0
0.0
0.0
0.0
0.0
0.0
0.0
0.0
0.0
0.0
0.0
0.0
0.0
0.0
0.0
0.0
0.0
0.0
0.0
0.0
0.0
0.0
0.0
0.0
0.0
0.0
0.0
0.0
0.0
0.0
0.0
0.0
0.0
0.0
0.0
0.0
0.0
0.0
0.0
0.0
0.0
0.0
0.0
0.0
0.0
0.0
0.0
0.0
0.0
0.0
0.0
0.0
0.0
0.0
0.0
0.0
0.0
0.0
0.0
0.0
0.0
0.0
0.0
0.0
0.0
0.0
0.0
0.0
0.0
0.0
0.0
0.0
0.0
0.0
0.0
0.0
0.0
0.0
0.0
0.0
0.0
0.0
0.0
0.0
0.0
0.0
0.0
0.0
0.0
0.0
0.0
0.0
0.0
0.0
0.0
0.0
0.0
0.0
0.0
0.0
0.0
0.0
0.0
0.0
0.0
0.0
0.0
0.0
0.0
0.0
0.0
0.0
0.0
0.0
0.0
0.0
0.0
0.0
0.0
0.0
0.0
0.0
0.0
0.0
0.0
0.0
0.0
0.0
0.0
0.0
0.0
0.0
0.0
0.0
6.48
6.44
6.52
6.64
6.72
6.84
6.84
6.96
7.12
7.16
7.24
7.32
7.36
7.28
7.44
7.36
7.4
7.4
7.48
7.56
7.72
7.84
7.96
7.96
8.0
8.0
8.04
8.16
8.2
8.4
8.4
8.48
8.6
8.48
8.36
8.32
8.36
8.4
8.44
8.4
8.44
8.44
8.52
8.56
8.4
8.44
8.36
8.32
8.44
8.44
8.56
8.56
8.56
8.48
8.48
8.48
8.48
8.6
8.72
8.72
8.68
8.76
8.76
8.64
8.68
8.72
8.68
8.92
8.96
8.92
8.92
8.96
9.04
9.2
9.16
9.2
9.16
9.2
9.24
9.2
9.32
9.32
9.36
9.4
9.32
9.4
9.28
9.4
9.4
9.44
9.44
9.36
9.28
9.36
9.36
9.2
9.4
9.28
9.28
9.2
9.28
9.32
9.24
9.32
9.24
9.28
9.44
9.44
9.36
9.32
9.2
9.28
9.4
9.48
9.56
9.52
9.44
9.4
9.4
9.32
9.32
9.48
9.52
9.6
9.56
9.52
9.48
9.4
9.24
9.28
9.48
9.56
9.68
9.6
9.64
9.68
9.6
9.48
9.56
9.56
9.76
9.92
9.84
9.8
9.72
9.76
9.88
9.96
10.0
9.92
9.84
9.8
9.68
9.64
9.8
9.84
9.84
9.88
9.8
9.76
9.64
9.88
9.88
9.96
9.96
9.8
9.88
9.96
9.96
9.92
9.92
9.92
9.76
9.6
9.64
9.52
9.64
9.56
9.52
9.52
9.64
9.6
9.52
9.56
9.56
9.56
9.52
9.4
9.36
9.32
9.24
9.2
9.12
9.16
9.16
9.12
9.08
9.04
9.0
8.96
8.76
8.68
8.52
8.36
8.32
8.48
8.52
8.48
8.44
8.28
8.24
8.08
7.96
7.96
8.0
8.0
7.92
7.88
7.84
7.76
7.52
7.48
7.44
7.44
7.64
7.56
7.44
7.32
7.24
7.16
7.12
7.08
7.08
6.96
6.92
7.04
7.04
6.8
6.84
6.72
6.56
6.64
6.6
6.44
6.44
6.44
6.64
6.6
6.6
6.52
6.4
6.36
6.28
6.28
6.28
6.24
6.24
6.4
6.52
6.4
6.28
6.2
6.12
6.12
6.08
6.24
6.24
6.28
6.12
6.12
6.16
6.08
6.2
6.2
6.04
6.12
6.0
5.88
5.96
6.12
6.24
6.28
6.2
6.2
6.24
6.28
6.4
6.44
6.52
6.6
6.6
6.52
6.56
6.64
6.64
6.68
6.84
6.72
6.64
6.8
0.0
0.0
0.0
0.0
0.0
0.0
0.0
0.0
0.0
0.0
0.0
0.0
0.0
0.0
0.0
0.0
0.0
0.0
0.0
0.0
0.0
0.0
0.0
0.0
0.0
0.0
0.0
0.0
0.0
0.0
0.0
0.0
0.0
0.0
0.0
0.0
0.0
0.0
0.0
0.0
0.0
0.0
0.0
0.0
0.0
0.0
0.0
0.0
0.0
0.0
0.0
0.0
0.0
0.0
0.0
0.0
0.0
0.0
0.0
0.0
0.0
0.0
0.0
0.0
0.0
0.0
0.0
0.0
0.0
0.0
0.0
0.0
0.0
0.0
0.0
0.0
0.0
0.0
0.0
0.0
0.0
0.0
0.0
0.0
0.0
0.0
0.0
0.0
0.0
0.0
0.0
0.0
0.0
0.0
0.0
0.0
0.0
0.0
0.0
0.0
0.0
0.0
0.0
0.0
0.0
0.0
0.0
0.0
0.0
0.0
0.0
0.0
0.0
0.0
0.0
0.0
0.0
0.0
0.0
0.0
0.0
0.0
0.0
0.0
0.0
0.0
0.0
0.0
0.0
0.0
0.0
0.0
0.0
0.0
0.0
0.0
0.0
0.0
0.0
0.0
0.0
0.0
0.0
0.0
0.0
0.0
0.0
0.0
0.0
0.0
0.0
0.0
0.0
0.0
0.0
0.0
0.0
0.0
0.0
0.0
0.0
0.0
0.0
0.0
0.0
0.0
0.0
0.0
0.0
0.0
0.0
0.0
0.0
0.0
0.0
0.0
0.0
0.0
0.0
0.0
0.0
0.0
0.0
0.0
0.0
0.0
0.0
0.0
0.0
0.0
0.0
0.0
0.0
0.0
0.0
0.0
0.0
0.0
0.0
0.0
0.0
0.0
0.0
0.0
0.0
0.0
0.0
0.0
0.0
0.0
0.0
0.0
0.0
0.0
0.0
0.0
0.0
0.0
0.0
0.0
0.0
0.0
0.0
0.0
0.0
0.0
0.0
0.0
0.0
0.0
0.0
0.0
0.0
0.0
0.0
0.0
0.0
0.0
0.0
0.0
0.0
0.0
0.0
0.0
0.0
0.0
0.0
0.0
0.0
0.0
0.0
0.0
0.0
0.0
0.0
0.0
0.0
0.0
0.0
0.0
0.0
0.0
0.0
0.0
0.0
0.0
0.0
0.0
0.0
0.0
0.0
0.0
0.0
0.0
0.0
0.0
0.0
0.0
0.0
0.0
0.0
0.0
0.0
0.0
0.0
0.0
0.0
0.0
0.0
0.0
0.0
0.0
0.0
0.0
0.0
0.0
0.0
0.0
0.0
0.0
6.64
6.6
6.64
6.8
6.92
7.12
7.24
7.36
7.32
7.4
7.44
7.4
7.52
7.64
7.56
7.56
7.76
7.96
8.0
8.0
8.12
8.16
8.2
8.28
8.24
8.24
8.48
8.48
8.52
8.56
8.6
8.8
8.92
8.88
8.88
8.84
8.88
9.0
9.08
9.12
9.2
9.32
9.32
9.28
9.28
9.28
9.28
9.32
9.4
9.52
9.52
9.56
9.56
9.6
9.6
9.6
9.64
9.44
9.36
9.4
9.6
9.52
9.72
9.8
9.72
9.56
9.56
9.64
9.52
9.56
9.68
9.64
9.44
9.36
9.32
9.44
9.44
9.4
9.44
9.48
9.48
9.56
9.64
9.56
9.56
9.52
9.4
9.4
9.44
9.44
9.44
9.36
9.32
9.4
9.32
9.32
9.32
9.16
9.12
9.2
9.4
9.4
9.36
9.36
9.4
9.44
9.48
9.44
9.52
9.4
9.36
9.56
9.52
9.48
9.36
9.28
9.36
9.4
9.44
9.48
9.44
9.52
9.56
9.56
9.56
9.56
9.56
9.48
9.52
9.68
9.76
9.64
9.64
9.56
9.56
9.52
9.52
9.4
9.64
9.56
9.76
9.72
9.68
9.64
9.8
9.76
9.8
9.76
9.76
9.76
9.68
9.72
9.76
9.8
9.64
9.6
9.64
9.52
9.4
9.32
9.36
9.44
9.4
9.36
9.24
9.16
9.2
9.24
9.32
9.36
9.52
9.48
9.4
9.4
9.28
9.28
9.24
9.4
9.24
9.24
9.28
9.36
9.28
9.12
9.16
9.28
9.52
9.56
9.56
9.6
9.56
9.48
9.56
9.6
9.52
9.44
9.32
9.32
9.52
9.44
9.44
9.56
9.52
9.52
9.44
9.48
9.36
9.24
9.44
9.48
9.4
9.44
9.36
9.28
9.24
9.4
9.4
9.44
9.44
9.36
9.28
9.4
9.32
9.24
9.28
9.28
9.16
9.28
9.2
9.2
9.24
9.36
9.36
9.28
9.16
9.32
9.24
9.2
9.28
9.48
9.56
9.44
9.24
9.12
9.36
9.44
9.48
9.52
9.52
9.6
9.6
9.64
9.6
9.64
9.6
9.56
9.64
9.72
9.68
9.68
9.64
9.64
9.56
9.56
9.76
9.8
9.76
9.72
9.76
9.76
9.68
9.64
9.64
9.64
9.64
9.6
9.52
9.68
9.6
9.76
9.72
9.56
9.56
9.64
9.72
9.64
9.68
9.68
9.64
9.52
9.56
9.72
9.72
9.8
9.76
9.68
9.84
9.6
9.64
9.72
0.0
0.0
0.0
0.0
0.0
0.0
0.0
0.0
0.0
0.0
0.0
0.0
0.0
0.0
0.0
0.0
0.0
0.0
0.0
0.0
0.0
0.0
0.0
0.0
0.0
0.0
0.0
0.0
0.0
0.0
0.0
0.0
0.0
0.0
0.0
0.0
0.0
0.0
0.0
0.0
0.0
0.0
0.0
0.0
0.0
0.0
0.0
0.0
0.0
0.0
0.0
0.0
0.0
0.0
0.0
0.0
0.0
0.0
0.0
0.0
0.0
0.0
0.0
0.0
0.0
0.0
0.0
0.0
0.0
0.0
0.0
0.0
0.0
0.0
0.0
0.0
0.0
0.0
0.0
0.0
0.0
0.0
0.0
0.0
0.0
0.0
0.0
0.0
0.0
0.0
0.0
0.0
0.0
0.0
0.0
0.0
0.0
0.0
0.0
0.0
0.0
0.0
0.0
0.0
0.0
0.0
0.0
0.0
0.0
0.0
0.0
0.0
0.0
0.0
0.0
0.0
0.0
0.0
0.0
0.0
0.0
0.0
0.0
0.0
0.0
0.0
0.0
0.0
0.0
0.0
0.0
0.0
0.0
0.0
0.0
0.0
0.0
0.0
0.0
0.0
0.0
0.0
0.0
0.0
0.0
0.0
0.0
0.0
0.0
0.0
0.0
0.0
0.0
0.0
0.0
0.0
0.0
0.0
0.0
0.0
0.0
0.0
0.0
0.0
0.0
0.0
0.0
0.0
0.0
0.0
0.0
0.0
0.0
0.0
0.0
0.0
0.0
0.0
0.0
0.0
0.0
0.0
0.0
0.0
0.0
0.0
0.0
0.0
0.0
0.0
0.0
0.0
0.0
0.0
0.0
0.0
0.0
0.0
0.0
0.0
0.0
0.0
0.0
0.0
0.0
0.0
0.0
0.0
0.0
0.0
0.0
0.0
0.0
0.0
0.0
0.0
0.0
0.0
0.0
0.0
0.0
0.0
0.0
0.0
0.0
0.0
0.0
0.0
0.0
0.0
0.0
0.0
0.0
0.0
0.0
0.0
0.0
0.0
0.0
0.0
0.0
0.0
0.0
0.0
0.0
0.0
0.0
0.0
0.0
0.0
0.0
0.0
0.0
0.0
0.0
0.0
0.0
0.0
0.0
0.0
0.0
0.0
0.0
0.0
0.0
0.0
0.0
0.0
0.0
0.0
0.0
0.0
0.0
0.0
0.0
0.0
0.0
0.0
0.0
0.0
0.0
0.0
0.0
0.0
0.0
0.0
0.0
0.0
0.0
0.0
0.0
0.0
0.0
0.0
0.0
0.0
0.0
0.0
0.0
0.0
9.64
9.08
9.16
9.2
9.28
9.36
9.64
9.6
9.56
9.4
9.32
9.32
9.4
9.48
9.52
9.48
9.48
9.6
9.56
9.56
9.36
9.44
9.28
9.4
9.56
9.72
9.68
9.72
9.56
9.56
9.64
9.64
9.64
9.56
9.6
9.52
9.56
9.68
9.52
9.48
9.48
9.56
9.52
9.52
9.48
9.48
9.6
9.6
9.76
9.8
9.88
9.84
9.68
9.84
9.8
9.84
9.92
9.96
10.04
10.12
10.04
10.12
10.2
10.28
10.24
10.24
10.2
10.24
9.96
10.0
9.92
9.96
10.0
10.04
9.96
9.88
9.76
9.72
9.88
9.92
9.92
9.84
9.76
9.76
9.8
9.72
9.68
9.84
9.88
10.0
9.96
9.84
9.84
9.76
9.84
9.76
9.68
9.64
9.6
9.64
9.68
9.56
9.6
9.52
9.48
9.24
9.16
9.28
9.28
9.4
9.32
9.24
9.24
9.36
9.36
9.32
9.24
9.24
9.24
9.32
9.48
9.4
9.4
9.28
9.2
9.32
9.32
9.32
9.36
9.48
9.6
9.6
9.6
9.56
9.44
9.56
9.72
9.8
9.84
9.8
9.64
9.64
9.48
9.52
9.52
9.48
9.56
9.52
9.44
9.4
9.4
