2 
4 
4 
4 
4 
4 
5 
5 
7 
7 
7 
8 
8 
8 
9 
10 
10 
10 
10 
12 
12 
14 
14 
14 
16 
17 
18 
18 
19 
19 
20 
21 
22 
22 
22 
22 
22 
23 
24 
24 
24 
24 
25 
25 
25 
25 
25 
27 
29 
31 
31 
31 
31 
31 
31 
31 
31 
31 
31 
32 
33 
35 
35 
37 
38 
39 
39 
39 
39 
39 
40 
41 
42 
44 
44 
44 
45 
46 
46 
47 
48 
48 
50 
51 
52 
53 
53 
53 
53 
53 
53 
53 
53 
53 
54 
54 
54 
54 
55 
56 
56 
56 
56 
56 
56 
56 
56 
56 
56 
57 
58 
58 
58 
58 
58 
59 
60 
62 
64 
66 
67 
68 
70 
71 
72 
73 
74 
74 
74 
75 
76 
76 
77 
78 
78 
78 
79 
80 
80 
80 
81 
81 
81 
81 
81 
81 
81 
81 
81 
81 
81 
81 
81 
81 
81 
81 
81 
81 
81 
81 
81 
81 
81 
81 
81 
81 
81 
81 
81 
81 
81 
81 
81 
81 
81 
81 
81 
81 
81 
81 
81 
81 
81 
81 
81 
81 
81 
81 
81 
81 
81 
81 
81 
81 
81 
81 
81 
81 
81 
81 
81 
81 
81 
81 
81 
81 
81 
81 
81 
81 
81 
81 
81 
81 
81 
81 
81 
81 
81 
81 
81 
81 
81 
81 
81 
81 
81 
81 
81 
81 
81 
81 
81 
81 
81 
81 
81 
81 
81 
81 
81 
81 
81 
81 
81 
81 
81 
81 
81 
81 
81 
81 
81 
81 
81 
81 
81 
81 
81 
81 
81 
81 
81 
81 
81 
81 
81 
81 
81 
81 
81 
81 
81 
81 
81 
81 
81 
81 
81 
81 
81 
81 
81 
81 
81 
81 
81 
81 
81 
81 
81 
81 
81 
81 
81 
81 
81 
81 
81 
81 
83 
84 
84 
84 
84 
84 
84 
84 
85 
88 
90 
91 
92 
92 
92 
92 
92 
92 
93 
94 
95 
96 
97 
98 
99 
99 
99 
99 
99 
99 
99 
99 
99 
100 
101 
102 
103 
104 
104 
105 
105 
107 
108 
109 
110 
111 
113 
114 
114 
114 
114 
114 
114 
114 
114 
114 
114 
115 
115 
116 
117 
118 
119 
120 
120 
121 
122 
124 
125 
125 
126 
127 
128 
128 
128 
129 
129 
130 
131 
131 
131 
131 
131 
131 
131 
131 
131 
131 
131 
131 
131 
131 
131 
132 
132 
134 
134 
134 
134 
135 
137 
139 
141 
142 
142 
142 
142 
142 
142 
143 
144 
144 
144 
144 
144 
144 
144 
145 
145 
145 
145 
146 
146 
146 
146 
146 
146 
146 
146 
146 
147 
148 
149 
150 
152 
152 
152 
152 
153 
154 
156 
157 
158 
159 
160 
162 
164 
166 
168 
169 
171 
172 
172 
174 
175 
175 
175 
177 
178 
178 
179 
180 
181 
181 
182 
183 
184 
184 
186 
187 
188 
189 
189 
189 
189 
190 
191 
192 
193 
194 
194 
195 
196 
197 
197 
197 
198 
198 
199 
201 
203 
204 
204 
204 
204 
205 
205 
205 
205 
206 
208 
210 
213 
215 
216 
216 
216 
217 
218 
218 
218 
219 
220 
220 
220 
220 
220 
220 
220 
220 
220 
220 
220 
222 
223 
224 
225 
226 
227 
228 
228 
228 
229 
231 
232 
233 
234 
235 
236 
236 
236 
237 
239 
239 
241 
243 
244 
244 
244 
244 
244 
244 
244 
244 
244 
245 
246 
246 
247 
248 
249 
251 
252 
252 
252 
253 
254 
255 
255 
255 
255 
256 
257 
257 
257 
257 
257 
257 
257 
257 
257 
257 
257 
257 
258 
259 
260 
261 
262 
263 
264 
266 
268 
270 
271 
271 
271 
271 
271 
271 
271 
271 
271 
271 
271 
272 
273 
274 
274 
275 
276 
277 
279 
279 
279 
279 
279 
279 
280 
281 
282 
283 
284 
285 
286 
287 
288 
289 
290 
291 
291 
291 
291 
291 
291 
291 
291 
291 
291 
291 
291 
291 
291 
292 
292 
292 
292 
292 
292 
292 
292 
292 
292 
292 
292 
292 
293 
294 
294 
295 
295 
296 
297 
298 
299 
300 
302 
304 
306 
307 
307 
307 
307 
307 
308 
309 
310 
311 
311 
311 
311 
311 
311 
311 
311 
311 
311 
311 
311 
312 
313 
313 
313 
315 
317 
319 
321 
323 
324 
325 
326 
327 
327 
327 
327 
327 
328 
328 
329 
329 
329 
330 
330 
330 
331 
331 
331 
331 
333 
335 
337 
339 
341 
343 
344 
346 
348 
350 
352 
354 
356 
358 
360 
362 
364 
365 
366 
366 
366 
366 
366 
366 
366 
366 
366 
366 
366 
366 
367 
368 
368 
368 
368 
368 
368 
368 
368 
368 
368 
368 
368 
368 
368 
368 
368 
368 
368 
368 
368 
368 
368 
368 
368 
368 
368 
368 
368 
368 
368 
368 
368 
368 
368 
368 
368 
368 
368 
368 
368 
368 
368 
368 
368 
368 
368 
368 
368 
368 
368 
368 
368 
368 
368 
368 
368 
368 
368 
368 
368 
368 
368 
368 
368 
368 
368 
368 
368 
368 
368 
368 
368 
368 
368 
368 
368 
368 
368 
368 
368 
368 
368 
368 
368 
368 
368 
368 
368 
368 
368 
368 
368 
368 
368 
368 
368 
368 
368 
368 
368 
368 
368 
368 
368 
368 
368 
368 
368 
368 
368 
368 
368 
368 
368 
368 
368 
368 
368 
368 
368 
368 
368 
368 
368 
368 
368 
368 
368 
368 
368 
368 
368 
368 
368 
368 
368 
368 
368 
368 
368 
368 
368 
368 
368 
368 
368 
368 
368 
368 
368 
368 
369 
369 
369 
369 
369 
369 
369 
369 
369 
370 
371 
371 
371 
371 
371 
371 
371 
371 
371 
371 
371 
371 
372 
373 
374 
374 
374 
374 
375 
376 
376 
377 
378 
378 
378 
378 
378 
378 
378 
378 
378 
379 
379 
379 
379 
379 
380 
381 
381 
382 
382 
382 
382 
382 
382 
382 
382 
382 
382 
382 
382 
382 
383 
383 
384 
384 
384 
384 
384 
384 
384 
385 
386 
387 
388 
389 
390 
390 
390 
390 
390 
390 
390 
390 
390 
390 
390 
390 
390 
390 
391 
392 
393 
394 
394 
394 
394 
395 
395 
395 
395 
395 
395 
396 
397 
397 
397 
397 
397 
397 
397 
397 
397 
397 
397 
397 
397 
397 
397 
397 
397 
397 
397 
397 
397 
397 
397 
397 
397 
397 
397 
397 
397 
397 
397 
397 
397 
398 
398 
398 
399 
400 
401 
402 
403 
404 
405 
406 
407 
408 
409 
410 
410 
410 
412 
412 
412 
412 
414 
414 
415 
415 
416 
417 
417 
417 
418 
418 
418 
420 
420 
420 
420 
420 
420 
421 
422 
423 
425 
426 
426 
426 
426 
426 
426 
427 
428 
428 
428 
429 
430 
431 
431 
431 
431 
431 
431 
432 
432 
432 
432 
433 
433 
435 
437 
438 
439 
439 
441 
441 
441 
443 
444 
445 
445 
446 
446 
446 
447 
449 
452 
453 
454 
455 
456 
458 
459 
461 
463 
464 
465 
466 
467 
469 
472 
475 
477 
479 
481 
483 
486 
489 
492 
496 
500 
503 
505 
507 
509 
511 
512 
513 
515 
516 
516 
516 
516 
517 
517 
519 
520 
521 
522 
524 
526 
528 
531 
532 
532 
532 
532 
533 
534 
535 
536 
537 
537 
537 
537 
537 
537 
538 
538 
539 
540 
540 
542 
544 
546 
548 
548 
548 
548 
548 
548 
548 
548 
548 
548 
548 
548 
549 
549 
550 
550 
550 
550 
550 
550 
550 
552 
553 
554 
555 
556 
557 
558 
559 
560 
562 
564 
564 
564 
564 
564 
564 
564 
564 
564 
564 
564 
565 
565 
566 
566 
566 
566 
566 
566 
566 
566 
566 
566 
566 
566 
566 
568 
569 
571 
573 
575 
578 
579 
581 
583 
586 
589 
592 
594 
595 
596 
597 
599 
601 
602 
603 
604 
604 
604 
604 
604 
604 
604 
604 
604 
604 
604 
604 
605 
605 
606 
607 
608 
609 
610 
611 
612 
613 
614 
615 
615 
615 
615 
615 
615 
615 
615 
616 
617 
618 
620 
621 
622 
623 
624 
625 
626 
627 
628 
629 
630 
631 
632 
633 
634 
635 
636 
637 
638 
639 
640 
641 
641 
641 
641 
642 
643 
644 
645 
646 
647 
649 
651 
653 
655 
656 
657 
658 
659 
660 
661 
662 
664 
665 
666 
667 
669 
671 
672 
672 
672 
672 
672 
672 
672 
672 
672 
672 
672 
672 
672 
672 
672 
672 
672 
672 
672 
672 
672 
672 
672 
672 
672 
672 
672 
672 
672 
672 
672 
672 
672 
672 
672 
672 
672 
672 
672 
672 
672 
672 
672 
672 
672 
672 
672 
672 
672 
672 
672 
672 
672 
672 
672 
672 
672 
672 
672 
672 
672 
672 
672 
672 
672 
672 
672 
672 
672 
672 
672 
672 
672 
672 
672 
672 
672 
672 
672 
672 
672 
672 
672 
672 
672 
672 
672 
672 
672 
672 
672 
672 
672 
672 
672 
672 
672 
672 
672 
672 
672 
672 
672 
672 
672 
672 
672 
672 
672 
672 
672 
672 
672 
672 
672 
672 
672 
672 
672 
672 
672 
672 
672 
672 
672 
672 
672 
672 
672 
672 
672 
672 
672 
672 
672 
672 
672 
672 
672 
672 
672 
672 
672 
672 
672 
672 
672 
672 
672 
672 
672 
672 
673 
673 
673 
673 
673 
673 
673 
673 
673 
673 
674 
675 
675 
675 
675 
675 
675 
675 
675 
675 
675 
675 
675 
675 
675 
675 
675 
675 
675 
675 
675 
675 
675 
675 
675 
675 
675 
675 
675 
675 
675 
675 
675 
675 
675 
675 
675 
675 
675 
675 
675 
675 
675 
675 
675 
675 
675 
675 
675 
675 
675 
675 
675 
675 
675 
675 
675 
675 
675 
675 
675 
675 
675 
675 
675 
675 
675 
675 
675 
675 
675 
675 
675 
675 
675 
675 
675 
675 
675 
675 
675 
675 
675 
675 
675 
675 
675 
675 
675 
675 
675 
675 
675 
675 
675 
675 
675 
675 
675 
675 
675 
675 
675 
675 
675 
675 
675 
675 
675 
675 
675 
675 
675 
675 
675 
675 
675 
675 
675 
675 
675 
675 
675 
675 
675 
675 
675 
675 
675 
675 
675 
675 
675 
675 
675 
675 
675 
675 
675 
675 
677 
678 
678 
678 
679 
680 
681 
681 
683 
684 
685 
685 
687 
688 
688 
688 
689 
690 
692 
692 
693 
694 
694 
695 
697 
700 
701 
702 
703 
705 
706 
708 
709 
710 
712 
715 
717 
718 
719 
720 
722 
724 
726 
728 
729 
732 
734 
738 
739 
740 
741 
742 
743 
745 
748 
751 
755 
759 
761 
762 
763 
765 
767 
769 
770 
771 
772 
774 
776 
778 
780 
782 
783 
784 
785 
787 
789 
791 
793 
794 
795 
797 
799 
800 
800 
801 
802 
804 
805 
807 
808 
809 
810 
811 
812 
813 
813 
813 
813 
813 
813 
813 
813 
813 
813 
813 
813 
813 
813 
813 
813 
814 
814 
814 
815 
816 
817 
818 
819 
819 
819 
819 
820 
822 
823 
824 
825 
826 
827 
828 
829 
830 
830 
830 
830 
831 
832 
832 
832 
832 
832 
832 
832 
832 
832 
832 
832 
832 
832 
832 
832 
832 
832 
832 
832 
832 
832 
832 
832 
832 
832 
832 
832 
832 
832 
832 
832 
832 
832 
832 
832 
832 
833 
833 
833 
833 
833 
833 
833 
834 
834 
834 
834 
834 
834 
834 
834 
834 
834 
834 
834 
834 
835 
836 
837 
838 
839 
839 
839 
839 
840 
841 
842 
842 
842 
842 
842 
842 
842 
842 
842 
842 
842 
842 
842 
842 
842 
843 
844 
844 
845 
845 
845 
845 
846 
847 
848 
848 
848 
848 
848 
848 
849 
851 
853 
855 
857 
859 
861 
863 
865 
867 
869 
869 
870 
871 
872 
872 
872 
872 
872 
873 
873 
873 
873 
874 
874 
874 
874 
874 
875 
876 
877 
878 
879 
880 
881 
881 
881 
881 
881 
881 
881 
881 
881 
881 
881 
881 
881 
881 
881 
881 
881 
881 
881 
881 
881 
881 
882 
882 
882 
882 
882 
882 
882 
882 
882 
882 
882 
882 
883 
883 
883 
883 
883 
883 
883 
883 
883 
883 
883 
883 
883 
883 
883 
883 
883 
883 
883 
883 
883 
883 
883 
883 
883 
883 
883 
883 
883 
883 
883 
883 
883 
883 
883 
883 
883 
883 
883 
883 
883 
883 
883 
883 
883 
883 
883 
883 
883 
883 
883 
883 
883 
883 
883 
883 
883 
883 
883 
883 
883 
883 
883 
883 
883 
883 
883 
883 
883 
883 
883 
883 
883 
883 
883 
883 
883 
883 
883 
883 
883 
883 
883 
883 
883 
883 
883 
883 
883 
883 
883 
883 
883 
883 
883 
883 
883 
883 
883 
883 
883 
883 
883 
883 
883 
883 
883 
883 
883 
883 
883 
883 
883 
883 
883 
883 
883 
883 
883 
883 
883 
883 
883 
883 
883 
883 
883 
883 
883 
883 
883 
883 
883 
883 
883 
883 
883 
883 
883 
883 
883 
883 
883 
883 
883 
883 
883 
883 
883 
883 
884 
884 
884 
884 
884 
884 
884 
884 
884 
885 
886 
887 
887 
887 
887 
888 
889 
889 
889 
889 
889 
890 
891 
891 
891 
891 
891 
891 
891 
891 
891 
891 
892 
893 
893 
893 
893 
893 
893 
894 
895 
896 
896 
896 
896 
896 
896 
896 
896 
897 
897 
897 
898 
899 
899 
899 
899 
899 
899 
899 
899 
899 
900 
901 
901 
901 
901 
901 
901 
901 
901 
901 
901 
901 
902 
903 
904 
904 
904 
904 
904 
904 
904 
904 
905 
906 
907 
908 
908 
908 
908 
908 
908 
908 
908 
908 
908 
908 
908 
908 
908 
908 
909 
909 
910 
911 
912 
913 
913 
913 
913 
913 
913 
913 
913 
913 
913 
913 
913 
914 
915 
916 
917 
918 
918 
918 
918 
918 
918 
918 
918 
918 
918 
918 
918 
919 
920 
921 
922 
923 
924 
925 
925 
925 
925 
925 
925 
925 
925 
925 
928 
930 
930 
930 
933 
933 
933 
934 
936 
936 
938 
938 
939 
940 
941 
942 
942 
943 
944 
945 
945 
947 
947 
947 
948 
951 
952 
953 
954 
954 
954 
954 
955 
955 
956 
958 
958 
958 
959 
960 
960 
960 
960 
961 
962 
964 
966 
966 
966 
966 
967 
969 
970 
971 
972 
973 
973 
974 
974 
974 
975 
976 
978 
980 
980 
980 
981 
981 
981 
981 
983 
984 
984 
984 
984 
985 
986 
986 
986 
987 
987 
988 
989 
989 
990 
991 
992 
993 
994 
995 
995 
995 
995 
995 
995 
995 
996 
997 
998 
999 
1000 
1001 
1002 
1003 
1004 
1005 
1005 
1005 
1005 
1005 
1005 
1005 
1005 
1005 
1005 
1005 
1005 
1005 
1005 
1005 
1005 
1005 
1005 
1005 
1006 
1006 
1007 
1008 
1009 
1009 
1010 
1011 
1012 
1013 
1014 
1015 
1016 
1017 
1018 
1018 
1018 
1018 
1018 
1018 
1018 
1019 
1020 
1020 
1020 
1020 
1020 
1020 
1020 
1020 
1021 
1021 
1021 
1021 
1021 
1021 
1021 
1022 
1023 
1024 
1025 
1026 
1027 
1028 
1029 
1030 
1031 
1032 
1032 
1032 
1032 
1032 
1032 
1032 
1032 
1032 
1032 
1032 
1032 
1032 
1032 
1032 
1032 
1032 
1032 
1032 
1032 
1032 
1032 
1032 
1033 
1034 
1035 
1036 
1036 
1036 
1036 
1037 
1038 
1039 
1040 
1040 
1041 
1042 
1044 
1045 
1045 
1046 
1047 
1047 
1047 
1047 
1047 
1047 
1048 
1048 
1048 
1048 
1048 
1048 
1048 
1048 
1048 
1049 
1050 
1051 
1052 
1053 
1054 
1055 
1055 
1056 
1057 
1059 
1061 
1062 
1063 
1063 
1063 
1063 
1063 
1063 
1063 
1063 
1063 
1064 
1064 
1064 
1065 
1065 
1067 
1068 
1069 
1070 
1071 
1072 
1073 
1074 
1075 
1075 
1075 
1076 
1077 
1078 
1080 
1081 
1082 
1084 
1085 
1086 
1087 
1087 
1087 
1087 
1087 
1087 
1087 
1087 
1088 
1090 
1091 
1091 
1091 
1091 
1092 
1093 
1094 
1094 
1095 
1096 
1097 
1098 
1099 
1099 
1099 
1099 
1099 
1099 
1099 
1099 
1099 
1099 
1099 
1099 
1099 
1099 
1099 
1099 
1099 
1099 
1099 
1099 
1099 
1099 
1099 
1099 
1099 
1099 
1099 
1099 
1099 
1099 
1099 
1099 
1099 
1099 
1099 
1099 
1099 
1099 
1099 
1099 
1099 
1099 
1099 
1099 
1099 
1099 
1099 
1099 
1099 
1099 
1099 
1099 
1099 
1099 
1099 
1099 
1099 
1099 
1099 
1099 
1099 
1099 
1099 
1099 
1099 
1099 
1099 
1099 
1099 
1099 
1099 
1099 
1099 
1099 
1099 
1099 
1099 
1099 
1099 
1099 
1099 
1099 
1099 
1099 
1099 
1099 
1099 
1099 
1099 
1099 
1099 
1099 
1099 
1099 
1099 
1099 
1099 
1099 
1099 
1099 
1099 
1099 
1099 
1099 
1099 
1099 
1099 
1099 
1099 
1099 
1099 
1099 
1099 
1099 
1099 
1099 
1099 
1099 
1099 
1099 
1099 
1099 
1099 
1099 
1099 
1099 
1099 
1099 
1099 
1099 
1099 
1099 
1099 
1099 
1099 
1099 
1099 
1099 
1099 
1099 
1099 
1099 
1099 
1099 
1099 
1099 
1099 
1099 
1099 
1099 
1099 
1099 
1099 
1099 
1100 
1100 
1100 
1100 
1100 
1100 
1100 
1100 
1100 
1100 
1101 
1102 
1103 
1103 
1103 
1103 
1103 
1103 
1103 
1103 
1103 
1103 
1103 
1103 
1103 
1103 
1103 
1103 
1103 
1103 
1103 
1103 
1103 
1103 
1103 
1103 
1103 
1103 
1103 
1103 
1103 
1103 
1103 
1103 
1103 
1103 
1103 
1103 
1103 
1103 
1103 
1103 
1103 
1103 
1103 
1103 
1103 
1103 
1103 
1103 
1103 
1103 
1103 
1103 
1103 
1103 
1103 
1103 
1103 
1103 
1103 
1103 
1103 
1103 
1103 
1103 
1103 
1103 
1103 
1103 
1103 
1103 
1103 
1103 
1103 
1103 
1103 
1103 
1103 
1103 
1103 
1103 
1103 
1103 
1103 
1103 
1103 
1103 
1103 
1103 
1103 
1103 
1103 
1103 
1103 
1103 
1103 
1103 
1103 
1103 
1103 
1103 
1103 
1103 
1103 
1103 
1103 
1103 
1103 
1103 
1103 
1103 
1103 
1103 
1103 
1103 
1103 
1103 
1103 
1103 
1103 
1103 
1103 
1103 
1103 
1103 
1103 
1103 
1103 
1103 
1103 
1103 
1103 
1103 
1103 
1103 
1103 
1103 
1103 
1103 
1105 
1106 
1106 
1106 
1109 
1109 
1109 
1110 
1112 
1112 
1113 
1113 
1113 
1114 
1115 
1117 
1118 
1120 
1124 
1126 
1129 
1131 
1133 
1134 
1135 
1137 
1138 
1139 
1142 
1143 
1144 
1146 
1148 
1150 
1151 
1153 
1156 
1158 
1159 
1161 
1162 
1164 
1166 
1168 
1170 
1173 
1175 
1176 
1178 
1180 
1181 
1183 
1185 
1187 
1189 
1190 
1191 
1193 
1195 
1197 
1198 
1200 
1204 
1207 
1209 
1210 
1212 
1213 
1214 
1215 
1217 
1217 
1217 
1217 
1217 
1218 
1220 
1221 
1222 
1224 
1224 
1224 
1224 
1224 
1227 
1228 
1229 
1230 
1231 
1231 
1232 
1233 
1234 
1234 
1234 
1236 
1236 
1237 
1238 
1239 
1239 
1239 
1239 
1239 
1239 
1239 
1241 
1242 
1243 
1243 
1244 
1245 
1245 
1245 
1245 
1245 
1245 
1245 
1245 
1245 
1245 
1245 
1245 
1245 
1245 
1245 
1245 
1245 
1245 
1245 
1245 
1246 
1247 
1248 
1248 
1248 
1248 
1248 
1248 
1248 
1248 
1249 
1249 
1249 
1250 
1251 
1253 
1255 
1257 
1259 
1260 
1261 
1262 
1263 
1264 
1264 
1264 
1264 
1264 
1264 
1264 
1264 
1264 
1264 
1264 
1264 
1264 
1264 
1264 
1265 
1265 
1265 
1265 
1267 
1268 
1269 
1271 
1272 
1272 
1272 
1272 
1272 
1272 
1272 
1272 
1272 
1272 
1272 
1272 
1273 
1274 
1275 
1275 
1275 
1275 
1275 
1275 
1275 
1275 
1275 
1275 
1275 
1275 
1275 
1277 
1278 
1279 
1281 
1282 
1283 
1284 
1285 
1286 
1287 
1288 
1289 
1290 
1291 
1291 
1291 
1291 
1291 
1291 
1291 
1291 
1292 
1293 
1294 
1295 
1296 
1296 
1296 
1296 
1296 
1296 
1296 
1297 
1298 
1300 
1301 
1303 
1304 
1306 
1307 
1307 
1307 
1307 
1308 
1309 
1310 
1311 
1311 
1312 
1313 
1314 
1315 
1316 
1317 
1318 
1319 
1320 
1321 
1322 
1323 
1324 
1325 
1325 
1326 
1327 
1328 
1329 
1330 
1331 
1332 
1333 
1333 
1333 
1333 
1333 
1333 
1333 
1333 
1333 
1333 
1333 
1333 
1333 
1333 
1333 
1333 
1334 
1335 
1336 
1337 
1338 
1339 
1340 
1340 
1340 
1340 
1340 
1340 
1340 
1340 
1340 
1340 
1340 
1340 
1340 
1340 
1340 
1340 
1340 
1340 
1340 
1340 
1340 
1340 
1340 
1340 
1340 
1340 
1340 
1340 
1340 
1340 
1340 
1340 
1340 
1340 
1340 
1340 
1340 
1340 
1340 
1340 
1340 
1340 
1340 
1340 
1340 
1340 
1340 
1340 
1340 
1340 
1340 
1340 
1340 
1340 
1340 
1340 
1340 
1340 
1340 
1340 
1340 
1340 
1340 
1340 
1340 
1340 
1340 
1340 
1340 
1340 
1340 
1340 
1340 
1340 
1340 
1340 
1340 
1340 
1340 
1340 
1340 
1340 
1340 
1340 
1340 
1340 
1340 
1340 
1340 
1340 
1340 
1340 
1340 
1340 
1340 
1340 
1340 
1340 
1340 
1340 
1340 
1340 
1340 
1340 
1340 
1340 
1340 
1340 
1340 
1340 
1340 
1340 
1340 
1340 
1340 
1340 
1340 
1340 
1340 
1340 
1340 
1340 
1340 
1340 
1340 
1340 
1340 
1340 
1340 
1340 
1340 
1340 
1340 
1340 
1340 
1340 
1340 
1340 
1340 
1340 
1340 
1340 
1340 
1340 
1340 
1340 
1340 
1340 
1340 
1340 
1340 
1340 
1340 
1340 
1341 
1341 
1341 
1341 
1341 
1341 
1341 
1341 
1341 
1341 
1342 
1343 
1343 
1343 
1343 
1343 
1343 
1343 
1343 
1343 
1343 
1343 
1343 
1344 
1345 
1346 
1346 
1346 
1346 
1346 
1346 
1346 
1346 
1346 
1346 
1347 
1348 
1349 
1350 
1350 
1350 
1351 
1352 
1353 
1353 
1353 
1353 
1353 
1353 
1353 
1353 
1354 
1355 
1356 
1356 
1356 
1356 
1356 
1356 
1356 
1356 
1356 
1357 
1358 
1358 
1358 
1358 
1358 
1358 
1358 
1359 
1360 
1361 
1362 
1363 
1363 
1363 
1364 
1364 
1364 
1364 
1364 
1365 
1365 
1365 
1365 
1365 
1365 
1365 
1365 
1365 
1366 
1367 
1367 
1368 
1369 
1369 
1369 
1369 
1370 
1371 
1371 
1371 
1371 
1372 
1372 
1372 
1372 
1372 
1372 
1372 
1373 
1374 
1374 
1374 
1374 
1374 
1374 
1374 
1374 
1374 
1374 
1374 
1374 
1374 
1374 
1374 
1374 
1374 
1374 
1374 
1374 
1374 
1374 
1374 
1374 
1374 
1374 
1374 
1374 
1374 
1374 
1374 
1374 
1374 
1374 
1374 
1374 
1375 
1375 
1378 
1379 
1379 
1380 
1382 
1383 
1383 
1385 
1386 
1387 
1387 
1388 
1388 
1390 
1390 
1392 
1393 
1393 
1394 
1395 
1396 
1397 
1399 
1399 
1399 
1400 
1400 
1401 
1402 
1402 
1403 
1403 
1405 
1406 
1406 
1406 
1406 
1406 
1406 
1407 
1409 
1412 
1412 
1412 
1412 
1413 
1414 
1416 
1417 
1418 
1418 
1418 
1421 
1424 
1424 
1424 
1424 
1424 
1424 
1424 
1425 
1425 
1427 
1429 
1430 
1430 
1431 
1432 
1433 
1434 
1436 
1437 
1438 
1439 
1441 
1443 
1445 
1446 
1447 
1448 
1449 
1451 
1453 
1454 
1456 
1457 
1458 
1459 
1459 
1460 
1461 
1461 
1461 
1461 
1461 
1462 
1462 
1462 
1462 
1462 
1462 
1463 
1465 
1466 
1468 
1470 
1471 
1472 
1472 
1472 
1472 
1472 
1473 
1474 
1475 
1477 
1479 
1481 
1483 
1486 
1489 
1492 
1494 
1496 
1497 
1498 
1499 
1500 
1500 
1500 
1500 
1500 
1500 
1500 
1500 
1502 
1504 
1506 
1507 
1508 
1509 
1510 
1510 
1510 
1511 
1512 
1513 
1513 
1513 
1513 
1514 
1515 
1515 
1515 
1515 
1515 
1515 
1515 
1515 
1515 
1515 
1516 
1516 
1519 
1519 
1519 
1519 
1519 
1520 
1520 
1521 
1522 
1523 
1523 
1523 
1524 
1525 
1527 
1528 
1529 
1530 
1532 
1533 
1535 
1535 
1535 
1535 
1535 
1535 
1535 
1535 
1535 
1536 
1537 
1538 
1539 
1540 
1541 
1542 
1543 
1544 
1545 
1546 
1547 
1547 
1547 
1547 
1547 
1547 
1547 
1547 
1547 
1547 
1547 
1547 
1547 
1547 
1547 
1548 
1549 
1550 
1551 
1552 
1552 
1552 
1552 
1552 
1552 
1552 
1552 
1553 
1554 
1555 
1557 
1559 
1560 
1561 
1562 
1562 
1562 
1563 
1564 
1564 
1564 
1564 
1564 
1564 
1564 
1564 
1564 
1564 
1566 
1567 
1569 
1569 
1569 
1569 
1570 
1571 
1572 
1573 
1574 
1575 
1576 
1577 
1578 
1579 
1580 
1581 
1582 
1584 
1585 
1586 
1587 
1588 
1589 
1590 
1591 
1592 
1593 
1594 
1595 
1596 
1597 
1598 
1599 
1599 
1599 
1599 
1599 
1599 
1599 
1599 
1599 
1599 
1599 
1599 
1600 
1601 
1601 
1601 
1601 
1601 
1601 
1601 
1601 
1601 
1601 
1601 
1601 
1601 
1601 
1601 
1601 
1601 
1601 
1601 
1601 
1601 
1601 
1601 
1601 
1601 
1601 
1601 
1601 
1601 
1601 
1601 
1601 
1601 
1601 
1601 
1601 
1601 
1601 
1601 
1601 
1601 
1601 
1601 
1601 
1601 
1601 
1601 
1601 
1601 
1601 
1601 
1601 
1601 
1601 
1601 
1601 
1601 
1601 
1601 
1601 
1601 
1601 
1601 
1601 
1601 
1601 
1601 
1601 
1601 
1601 
1601 
1601 
1601 
1601 
1601 
1601 
1601 
1601 
1601 
1601 
1601 
1601 
1601 
1601 
1601 
1601 
1601 
1601 
1601 
1601 
1601 
1601 
1601 
1601 
1601 
1601 
1601 
1601 
1601 
1601 
1601 
1601 
1601 
1601 
1601 
1601 
1601 
1601 
1601 
1601 
1601 
1601 
1601 
1601 
1601 
1601 
1601 
1601 
1601 
1601 
1601 
1601 
1601 
1601 
1601 
1601 
1601 
1601 
1601 
1601 
1601 
1601 
1601 
1601 
1601 
1601 
1601 
1601 
1601 
1601 
1601 
1601 
1601 
1601 
1601 
1601 
1601 
1601 
1601 
1601 
1601 
1601 
1602 
1602 
1602 
1602 
1602 
1602 
1602 
1602 
1603 
1604 
1605 
1605 
1605 
1605 
1605 
1605 
1605 
1606 
1607 
1608 
1608 
1608 
1608 
1609 
1609 
1609 
1609 
1609 
1609 
1610 
1611 
1611 
1611 
1611 
1611 
1611 
1611 
1612 
1613 
1613 
1613 
1613 
1614 
1614 
1614 
1614 
1614 
1614 
1614 
1614 
1614 
1614 
1614 
1614 
1614 
1615 
1616 
1617 
1617 
1617 
1617 
1617 
1617 
1617 
1617 
1617 
1617 
1617 
1617 
1617 
1617 
1617 
1617 
1617 
1617 
1617 
1617 
1617 
1617 
1617 
1617 
1617 
1617 
1617 
1617 
1617 
1617 
1617 
1617 
1617 
1617 
1617 
1617 
1617 
1617 
1617 
1617 
1617 
1617 
1617 
1617 
1617 
1617 
1617 
1617 
1617 
1617 
1617 
1617 
1617 
1617 
1617 
1617 
1617 
1617 
1617 
1617 
1617 
1617 
1617 
1617 
1617 
1617 
1617 
1617 
1617 
1617 
1617 
1617 
1617 
1617 
1617 
1617 
1617 
1617 
1617 
1617 
1617 
1617 
1617 
1617 
1617 
1617 
1617 
1617 
1617 
1617 
1617 
1617 
1617 
1619 
1620 
1620 
1620 
1623 
1623 
1623 
1624 
1625 
1627 
1627 
1627 
1628 
1631 
1631 
1632 
1634 
1635 
1637 
1638 
1641 
1642 
1645 
1646 
1647 
1650 
1651 
1653 
1656 
1659 
1661 
1662 
1664 
1665 
1666 
1669 
1670 
1672 
1673 
1674 
1676 
1678 
1680 
1683 
1685 
1687 
1688 
1690 
1692 
1693 
1694 
1695 
1697 
1699 
1701 
1703 
1706 
1707 
1707 
1708 
1709 
1711 
1714 
1715 
1716 
1717 
1718 
1719 
1720 
1720 
1721 
1721 
1723 
1724 
1724 
1725 
1725 
1725 
1725 
1725 
1725 
1726 
1728 
1728 
1728 
1729 
1730 
1730 
1730 
1731 
1732 
1732 
1732 
1732 
1733 
1734 
1736 
1737 
1738 
1740 
1742 
1743 
1744 
1745 
1746 
1746 
1746 
1746 
1747 
1747 
1747 
1748 
1749 
1751 
1753 
1754 
1754 
1755 
1756 
1756 
1757 
1758 
1758 
1758 
1758 
1758 
1758 
1758 
1758 
1758 
1758 
1758 
1759 
1759 
1759 
1759 
1759 
1759 
1759 
1759 
1759 
1759 
1760 
1760 
1760 
1760 
1760 
1760 
1760 
1761 
1761 
1761 
1761 
1762 
1763 
1764 
1765 
1767 
1769 
1771 
1772 
1773 
1774 
1775 
1775 
1775 
1775 
1776 
1777 
1778 
1779 
1780 
1781 
1782 
1783 
1785 
1787 
1788 
1789 
1790 
1791 
1793 
1794 
1795 
1796 
1796 
1797 
1798 
1800 
1802 
1804 
1806 
1808 
1810 
1812 
1813 
1814 
1815 
1815 
1815 
1815 
1815 
1815 
1815 
1815 
1817 
1819 
1820 
1820 
1820 
1820 
1820 
1820 
1820 
1820 
1820 
1820 
1820 
1820 
1820 
1820 
1820 
1821 
1822 
1823 
1824 
1825 
1826 
1827 
1828 
1829 
1829 
1829 
1829 
1829 
1829 
1829 
1829 
1829 
1829 
1829 
1829 
1829 
1829 
1829 
1829 
1829 
1830 
1830 
1830 
1830 
1830 
1830 
1830 
1831 
1832 
1833 
1833 
1834 
1834 
1835 
1835 
1836 
1837 
1838 
1839 
1840 
1841 
1842 
1844 
1845 
1846 
1847 
1849 
1851 
1853 
1855 
1857 
1859 
1861 
1863 
1865 
1867 
1870 
1872 
1873 
1874 
1875 
1876 
1877 
1878 
1879 
1880 
1881 
1882 
1883 
1884 
1885 
1885 
1885 
1885 
1885 
1885 
1885 
1885 
1885 
1885 
1885 
1885 
1885 
1885 
1885 
1885 
1885 
1885 
1885 
1885 
1885 
1885 
1885 
1885 
1885 
1885 
1885 
1885 
1885 
1885 
1885 
1885 
1885 
1885 
1885 
1885 
1885 
1885 
1885 
1885 
1885 
1885 
1885 
1885 
1885 
1885 
1885 
1885 
1885 
1885 
1885 
1885 
1885 
1885 
1885 
1885 
1885 
1885 
1885 
1885 
1885 
1885 
1885 
1885 
1885 
1885 
1885 
1885 
1885 
1885 
1885 
1885 
1885 
1885 
1885 
1885 
1885 
1885 
1885 
1885 
1885 
1885 
1885 
1885 
1885 
1885 
1885 
1885 
1885 
1885 
1885 
1885 
1885 
1885 
1885 
1885 
1885 
1885 
1885 
1885 
1885 
1885 
1885 
1885 
1885 
1885 
1885 
1885 
1885 
1885 
1885 
1885 
1885 
1885 
1885 
1885 
1885 
1885 
1885 
1885 
1885 
1885 
1885 
1885 
1885 
1885 
1885 
1885 
1885 
1885 
1885 
1885 
1885 
1885 
1885 
1885 
1885 
1885 
1885 
1885 
1885 
1885 
1885 
1885 
1885 
1885 
1885 
1885 
1885 
1885 
1885 
1885 
1885 
1886 
1886 
1886 
1886 
1886 
1886 
1886 
1886 
1886 
1887 
1888 
1888 
1888 
1888 
1888 
1888 
1888 
1888 
1888 
1888 
1888 
1888 
1888 
1888 
1888 
1888 
1888 
1888 
1888 
1888 
1888 
1888 
1888 
1888 
1888 
1888 
1888 
1888 
1888 
1888 
1888 
1888 
1888 
1888 
1888 
1888 
1888 
1888 
1888 
1888 
1888 
1888 
1888 
1888 
1888 
1888 
1888 
1888 
1888 
1888 
1888 
1888 
1888 
1888 
1888 
1888 
1888 
1888 
1888 
1888 
1888 
1888 
1888 
1888 
1888 
1888 
1888 
1888 
1888 
1888 
1888 
1888 
1888 
1888 
1888 
1888 
1888 
1888 
1888 
1888 
1888 
1888 
1888 
1888 
1888 
1888 
1888 
1888 
1888 
1888 
1888 
1888 
1888 
1888 
1888 
1888 
1888 
1888 
1888 
1888 
1888 
1888 
1888 
1888 
1888 
1888 
1888 
1888 
1888 
1888 
1888 
1888 
1888 
1888 
1888 
1888 
1888 
1888 
1888 
1888 
1888 
1888 
1888 
1888 
1888 
1888 
1888 
1888 
1888 
1888 
1888 
1888 
1888 
1888 
1888 
1888 
1888 
1888 
1888 
1888 
1890 
1891 
1891 
1893 
1893 
1894 
1894 
1896 
1896 
1897 
1897 
1897 
1899 
1900 
1902 
1904 
1906 
1908 
1910 
1912 
1915 
1917 
1919 
1921 
1922 
1923 
1924 
1927 
1928 
1930 
1932 
1934 
1937 
1939 
1940 
1941 
1942 
1943 
1947 
1951 
1952 
1953 
1955 
1957 
1959 
1960 
1962 
1964 
1966 
1968 
1970 
1972 
1974 
1977 
1978 
1979 
1981 
1982 
1983 
1985 
1986 
1989 
1991 
1992 
1993 
1995 
1997 
1997 
1998 
2000 
2002 
2004 
2006 
2009 
2010 
2012 
2012 
2012 
2014 
2016 
2017 
2019 
2021 
2023 
2026 
2028 
2030 
2031 
2031 
2032 
2033 
2035 
2036 
2037 
2038 
2039 
2039 
2039 
2039 
2039 
2039 
2039 
2039 
2040 
2041 
2041 
2041 
2041 
2041 
2042 
2043 
2044 
2044 
2045 
2045 
2046 
2047 
2047 
2047 
2047 
2047 
2047 
2048 
2048 
2049 
2049 
2049 
2049 
2049 
2050 
2050 
2050 
2050 
2050 
2050 
2050 
2051 
2053 
2055 
2057 
2059 
2061 
2063 
2064 
2066 
2066 
2066 
2066 
2066 
2066 
2066 
2066 
2066 
2066 
2066 
2066 
2066 
2066 
2068 
2069 
2070 
2071 
2071 
2071 
2071 
2071 
2071 
2071 
2071 
2072 
2072 
2072 
2073 
2073 
2073 
2073 
2074 
2075 
2076 
2077 
2078 
2079 
2080 
2081 
2082 
2083 
2084 
2085 
2086 
2087 
2088 
2089 
2090 
2091 
2091 
2093 
2094 
2095 
2096 
2097 
2098 
2099 
2100 
2101 
2102 
2103 
2104 
2105 
2106 
2107 
2108 
2108 
2108 
2109 
2111 
2111 
2111 
2111 
2111 
2111 
2111 
2111 
2111 
2111 
2111 
2111 
2111 
2111 
2112 
2112 
2112 
2112 
2112 
2112 
2112 
2112 
2112 
2112 
2112 
2112 
2112 
2113 
2114 
2115 
2116 
2118 
2119 
2120 
2120 
2120 
2120 
2120 
2120 
2120 
2122 
2124 
2126 
2128 
2130 
2132 
2134 
2136 
2138 
2140 
2142 
2144 
2146 
2147 
2148 
2149 
2150 
2151 
2152 
2153 
2154 
2155 
2156 
2156 
2156 
2157 
2157 
2157 
2158 
2158 
2159 
2160 
2160 
2160 
2160 
2161 
2162 
2163 
2164 
2165 
2166 
2167 
2168 
2169 
2170 
2171 
2171 
2171 
2171 
2171 
2171 
2171 
2171 
2171 
2171 
2171 
2171 
2171 
2171 
2171 
2171 
2171 
2171 
2171 
2171 
2171 
2171 
2171 
2171 
2171 
2171 
2171 
2171 
2171 
2171 
2171 
2171 
2171 
2171 
2171 
2171 
2171 
2171 
2171 
2171 
2171 
2171 
2171 
2171 
2171 
2171 
2171 
2171 
2171 
2171 
2171 
2171 
