0
8
15
24
25
25
25
25
25
25
26
27
34
40
44
47
50
50
50
50
51
55
59
60
60
61
65
69
72
73
74
76
77
79
82
82
84
86
89
90
94
96
100
102
104
106
107
108
110
114
118
118
121
124
128
128
133
135
136
136
138
140
143
145
148
153
155
157
157
161
163
165
166
166
170
171
171
175
181
183
185
185
186
187
187
191
194
194
195
196
197
201
202
204
208
210
212
213
216
217
220
222
224
227
227
231
233
235
235
236
239
242
244
246
250
252
253
253
256
259
263
264
267
269
273
274
278
279
282
283
284
286
290
293
294
298
300
301
303
308
308
311
312
314
317
319
319
320
322
323
323
323
323
323
323
323
323
323
323
323
323
323
323
323
323
323
323
323
323
323
323
323
323
323
323
323
323
323
323
323
323
323
323
323
323
323
323
323
323
323
323
323
323
323
323
323
323
323
323
323
323
323
323
323
323
323
323
323
323
323
323
323
323
323
323
323
323
323
323
323
323
323
323
323
323
323
323
323
323
323
323
323
323
323
323
323
323
323
323
323
323
323
323
323
323
323
323
323
323
323
323
323
323
323
323
323
323
323
323
323
323
323
323
323
323
323
323
323
323
323
323
323
323
323
323
323
323
323
323
323
323
323
323
323
323
323
323
323
323
323
323
323
323
323
323
323
323
323
323
323
332
348
348
348
348
348
348
348
348
348
349
350
356
366
368
370
371
373
373
373
373
376
378
378
382
388
392
395
396
397
397
400
404
404
408
411
412
414
416
416
418
421
423
427
428
430
432
435
437
439
440
442
445
445
448
449
452
454
456
458
460
463
466
467
470
473
474
477
479
480
483
483
487
489
492
495
497
498
499
501
501
502
503
505
506
511
511
513
513
513
516
519
526
527
528
530
531
532
534
537
540
542
543
545
547
547
549
551
552
555
559
561
562
562
567
569
570
574
576
578
580
581
583
585
586
587
589
592
593
595
595
595
602
603
603
608
610
613
613
614
619
621
622
624
627
627
631
634
636
639
645
660
662
665
667
668
669
674
682
687
689
694
698
701
704
705
714
715
715
718
729
733
734
739
741
743
743
747
752
757
764
767
770
773
778
782
784
789
793
797
799
806
812
815
817
824
831
835
840
844
849
851
855
859
863
871
874
877
880
885
890
893
899
903
905
911
915
919
921
926
928
930
934
942
948
951
955
958
959
966
971
977
978
985
991
994
997
1001
1006
1009
1018
1021
1024
1029
1032
1038
1040
1043
1052
1057
1060
1063
1065
1070
1076
1080
1085
1091
1095
1100
1103
1107
1111
1116
1122
1125
1127
1130
1134
1137
1145
1152
1157
1161
1166
1168
1171
1177
1183
1185
1188
1193
1197
1202
1203
1205
1211
1215
1219
1223
1229
1229
1232
1237
1239
1242
1246
1247
1249
1253
1253
1253
1253
1253
1253
1253
1254
1254
1254
1255
1255
1255
1255
1255
1255
1255
1255
1255
1255
1255
1255
1255
1255
1255
1255
1255
1255
1255
1255
1255
1255
1255
1255
1255
1255
1255
1255
1255
1255
1255
1255
1255
1255
1255
1255
1255
1255
1255
1255
1255
1255
1255
1255
1255
1255
1255
1255
1255
1255
1255
1255
1255
1255
1255
1255
1255
1255
1255
1255
1255
1255
1255
1255
1255
1255
1255
1255
1255
1257
1257
1257
1257
1257
1257
1259
1260
1260
1260
1260
1261
1263
1263
1263
1263
1263
1263
1264
1264
1264
1264
1264
1264
1264
1264
1264
1264
1264
1264
1264
1264
1264
1264
1264
1264
1264
1266
1266
1266
1266
1266
1266
1266
1267
1272
1273
1273
1273
1273
1273
1275
1277
1280
1280
1280
1280
1280
1280
1282
1287
1290
1290
1290
1290
1290
1290
1291
1295
1299
1299
1299
1299
1299
1299
1299
1299
1299
1299
1299
1299
1299
1299
1299
1299
1299
1299
1299
1299
1299
1299
1299
1299
1299
1299
1299
1299
1299
1299
1299
1299
1299
1299
1299
1299
1299
1299
1299
1299
1299
1299
1299
1299
1299
1299
1299
1299
1299
1299
1299
1299
1299
1299
1299
1299
1299
1299
1299
1299
1299
1299
1299
1299
1299
1299
1299
1299
1299
1299
1299
1299
1299
1299
1299
1299
1299
1299
1299
1299
1299
1299
1299
1299
1299
1299
1299
1299
1299
1299
1299
1299
1299
1299
1299
1299
1299
1299
1299
1299
1299
1299
1299
1299
1299
1299
1299
1299
1299
1299
1299
1299
1299
1299
1299
1299
1299
1299
1299
1299
1299
1299
1299
1299
1299
1299
1299
1299
1299
1299
1299
1299
1299
1299
1299
1299
1299
1299
1299
1299
1299
1299
1299
1299
1299
1299
1299
1299
1299
1299
1299
1299
1299
1303
1324
1324
1324
1324
1324
1324
1327
1331
1333
1341
1343
1344
1344
1347
1348
1350
1352
1355
1357
1360
1363
1363
1364
1368
1370
1371
1375
1378
1381
1384
1386
1388
1389
1392
1394
1398
1399
1404
1407
1409
1411
1413
1415
1415
1420
1424
1427
1429
1430
1433
1436
1437
1439
1440
1441
1445
1449
1452
1453
1455
1459
1460
1463
1467
1468
1471
1473
1478
1480
1482
1485
1488
1489
1493
1496
1500
1503
1504
1506
1510
1510
1513
1515
1518
1520
1527
1529
1530
1531
1532
1533
1535
1536
1542
1544
1547
1549
1552
1555
1557
1559
1559
1560
1566
1569
1573
1573
1576
1577
1578
1582
1582
1588
1590
1592
1594
1597
1598
1600
1604
1605
1607
1609
1612
1614
1615
1618
1623
1623
1627
1630
1632
1633
1635
1637
1638
1640
1645
1647
1651
1653
1655
1656
1659
1659
1663
1665
1668
1673
1679
1687
1688
1690
1692
1694
1696
1700
1705
1708
1712
1712
1716
1717
1722
1725
1731
1736
1737
1739
1741
1745
1751
1756
1760
1762
1764
1766
1769
1777
1780
1784
1790
1792
1792
1799
1800
1803
1808
1814
1822
1825
1826
1830
1832
1834
1842
1845
1850
1853
1861
1864
1868
1873
1875
1878
1880
1887
1891
1899
1903
1904
1908
1914
1915
1923
1927
1928
1934
1935
1945
1946
1949
1954
1959
1964
1968
1972
1975
1982
1988
1995
1997
2003
2010
2015
2020
2022
2025
2028
2034
2040
2045
2051
2059
2062
2064
2067
2068
2073
2076
2086
2090
2097
2102
2107
2112
2115
2119
2122
2126
2132
2140
2145
2152
2155
2158
2162
2163
2171
2182
2184
2187
2195
2202
2204
2208
2212
2219
2223
2226
2234
2240
2242
2244
2250
2259
2265
2270
2272
2277
2280
2287
2293
2298
2304
2312
2319
2321
2325
2325
2329
2331
2332
2335
2338
2341
2344
2345
2348
2352
2354
2356
2359
2362
2366
2369
2372
2374
2376
2379
2379
2380
2384
2389
2393
2393
2393
2396
2397
2401
2404
2409
2410
2413
2414
2417
2419
2424
2424
2425
2429
2432
2432
2435
2441
2442
2442
2447
2449
2450
2451
2456
2461
2463
2467
2471
2474
2476
2477
2480
2484
2486
2489
2492
2494
2497
2500
2501
2503
2507
2507
2507
2509
2514
2514
2515
2520
2522
2524
2527
2529
2536
2538
2539
2540
2541
2544
2546
2549
2553
2555
2558
2560
2562
2566
2569
2571
2574
2575
2581
2582
2583
2586
2589
2592
2594
2599
2601
2603
2603
2606
2609
2611
2615
2619
2620
2621
2624
2624
2626
2627
2632
2635
2636
2639
2641
2641
2642
2645
2650
2652
2653
2654
2657
2657
2658
2659
2663
2665
2668
2668
2669
2670
2670
2670
2673
2675
2677
2678
2678
2678
2678
2678
2678
2678
2678
2678
2678
2678
2678
2678
2678
2678
2678
2678
2678
2678
2678
2678
2678
2678
2678
2678
2678
2678
2678
2678
2678
2678
2678
2678
2678
2678
2678
2678
2678
2678
2678
2678
2678
2678
2678
2678
2678
2678
2678
2678
2678
2678
2678
2678
2678
2678
2678
2678
2678
2678
2678
2678
2678
2678
2678
2678
2678
2678
2678
2678
2678
2678
2678
2678
2678
2678
2678
2678
2678
2678
2678
2678
2678
2678
2678
2678
2678
2678
2678
2678
2678
2678
2678
2678
2678
2678
2678
2678
2678
2678
2678
2678
2678
2678
2678
2678
2678
2678
2678
2678
2678
2678
2678
2678
2678
2678
2678
2678
2678
2678
2678
2678
2678
2678
2678
2678
2678
2678
2678
2678
2678
2678
2678
2678
2678
2678
2678
2678
2678
2678
2678
2678
2678
2678
2678
2678
2678
2678
2678
2678
2678
2678
2685
2703
2703
2703
2703
2703
2704
2707
2713
2719
2722
2722
2723
2723
2726
2728
2731
2737
2742
2742
2743
2744
2745
2746
2750
2753
2755
2758
2759
2762
2764
2764
2767
2770
2771
2773
2777
2778
2779
2785
2785
2786
2788
2791
2793
2795
2801
2803
2805
2806
2809
2810
2810
2813
2820
2822
2823
2826
2829
2829
2831
2834
2836
2838
2842
2845
2847
2849
2852
2855
2856
2859
2859
2862
2864
2867
2869
2870
2874
2877
2879
2882
2885
2887
2888
2891
2896
2899
2899
2900
2902
2905
2907
2913
2915
2918
2919
2919
2920
2923
2927
2928
2931
2934
2937
2938
2940
2941
2946
2950
2950
2953
2957
2961
2963
2964
2967
2969
2972
2975
2975
2977
2979
2982
2986
2988
2991
2992
2996
3000
3001
3005
3005
3006
3011
3015
3018
3020
3021
3022
3027
3029
3031
3031
3034
3038
3039
3041
3047
3050
3052
3062
3065
3066
3069
3070
3075
3078
3081
3085
3085
3088
3088
3091
3097
3101
3110
3112
3113
3116
3118
3121
3122
3126
3135
3139
3143
3145
3146
3151
3156
3159
3161
3165
3169
3175
3182
3187
3190
3194
3196
3199
3201
3207
3214
3218
3225
3229
3232
3235
3240
3245
3250
3256
3261
3264
3271
3274
3279
3284
3291
3293
3302
3307
3313
3316
3322
3325
3328
3337
3342
3347
3352
3358
3366
3369
3372
3378
3382
3389
3393
3397
3404
3410
3415
3421
3425
3427
3433
3438
3442
3449
3453
3458
3467
3474
3477
3480
3481
3484
3488
3495
3503
3507
3513
3516
3520
3525
3527
3532
3539
3546
3552
3553
3558
3564
3566
3571
3576
3579
3585
3589
3595
3600
3604
3606
3611
3617
3622
3629
3632
3635
3638
3643
3648
3654
3661
3667
3673
3678
3685
3686
3688
3693
3697
3703
3708
3715
3721
3725
3731
3732
3735
3738
3740
3741
3742
3745
3748
3750
3753
3755
3759
3763
3763
3767
3771
3771
3773
3774
3776
3779
3782
3783
3787
3791
3793
3797
3798
3799
3802
3806
3807
3813
3814
3819
3820
3822
3823
3825
3829
3834
3835
3838
3839
3842
3843
3845
3849
3852
3854
3856
3858
3861
3863
3865
3866
3869
3873
3875
3879
3883
3884
3887
3888
3889
3891
3894
3897
3898
3900
3904
3906
3908
3909
3913
3914
3917
3918
3925
3926
3927
3928
3929
3934
3936
3941
3944
3945
3947
3947
3948
3952
3953
3960
3963
3966
3967
3969
3970
3970
3974
3977
3980
3983
3989
3991
3991
3992
3994
3995
4000
4003
4010
4011
4013
4014
4017
4020
4023
4024
4028
4029
4031
4036
4038
4040
4045
4045
4047
4052
4055
4058
4061
4063
4067
4068
4068
4072
4075
4078
4080
4085
4086
4089
4090
4094
4096
4099
4101
4101
4101
4101
4101
4101
4101
4101
4101
4101
4101
4101
4101
4101
4101
4101
4101
4101
4101
4101
4101
4101
4101
4101
4101
4101
4101
4101
4101
4101
4101
4101
4101
4101
4101
4101
4101
4101
4101
4101
4101
4101
4101
4101
4101
4101
4101
4101
4101
4101
4101
4101
4101
4101
4101
4101
4101
4101
4101
4101
4101
4101
4101
4101
4101
4101
4101
4101
4101
4101
4101
4101
4101
4101
4101
4101
4101
4101
4101
4101
4101
4101
4101
4101
4101
4101
4101
4101
4101
4101
4101
4101
4101
4101
4101
4101
4101
4101
4101
4101
4101
4101
4101
4101
4101
4101
4101
4101
4101
4101
4101
4101
4101
4101
4101
4101
4101
4101
4101
4101
4101
4101
4101
4101
4101
4101
4101
4101
4101
4101
4101
4101
4101
4101
4101
4101
4101
4101
4101
4101
4101
4101
4101
4101
4101
4101
4101
4101
4101
4101
4101
4107
4126
4126
4126
4126
4126
4126
4129
4134
4138
4143
4144
4145
4145
4147
4149
4149
4152
4157
4160
4163
4166
4168
4170
4170
4174
4174
4178
4181
4183
4185
4186
4188
4189
4191
4195
4198
4202
4204
4205
4208
4210
4213
4215
4218
4219
4224
4229
4229
4232
4233
4235
4237
4240
4245
4248
4251
4253
4255
4255
4257
4262
4264
4268
4271
4272
4274
4275
4278
4281
4282
4283
4286
4290
4294
4296
4298
4298
4301
4301
4307
4308
4311
4315
4316
4320
4320
4323
4323
4327
4328
4335
4336
4339
4342
4342
4343
4344
4348
4352
4356
4361
4362
4364
4367
4367
4370
4373
4377
4381
4382
4383
4389
4391
4392
4393
4394
4397
4400
4404
4405
4408
4410
4411
4413
4414
4420
4424
4427
4430
4432
4434
4436
4437
4439
4442
4445
4449
4451
4451
4455
4457
4459
4461
4463
4467
4471
4472
4476
4478
4487
4505
4506
4507
4511
4514
4516
4519
4528
4536
4544
4548
4549
4553
4555
4558
4564
4572
4580
4584
4586
4591
4596
4599
4603
4610
4616
4621
4624
4628
4629
4637
4641
4645
4651
4658
4661
4665
4670
4676
4679
4683
4688
4693
4700
4703
4707
4713
4716
4721
4725
4730
4737
4740
4745
4750
4757
4759
4763
4769
4779
4781
4783
4789
4794
4800
4803
4813
4815
4821
4824
4826
4829
4837
4839
4845
4852
4856
4859
4863
4872
4877
4881
4883
4889
4895
4899
4906
4914
4918
4922
4923
4927
4932
4936
4942
4947
4953
4959
4965
4969
4972
4978
4980
4986
4990
4994
4998
5003
5008
5011
5014
5018
5025
5030
5036
5039
5044
5049
5053
5058
5059
5066
5075
5082
5088
5089
5094
5099
5104
5110
5115
5122
5128
5134
5137
5141
5143
5148
5155
5162
5167
5173
5177
5184
5186
5193
5195
5199
5204
5207
