0
7
13
23
25
25
25
25
25
25
27
28
33
39
45
49
50
50
50
50
53
54
56
58
62
63
65
66
69
71
78
82
83
86
87
89
91
91
94
97
99
100
102
106
106
107
111
113
115
117
118
120
127
128
130
132
134
136
137
140
143
145
147
148
149
152
155
156
158
161
163
164
167
167
168
169
173
174
177
179
180
183
186
188
190
193
195
198
199
200
202
205
208
209
209
210
211
214
218
220
222
225
225
227
229
231
235
238
240
240
245
245
246
246
251
254
254
255
256
258
258
262
263
268
269
269
270
272
275
277
279
285
288
289
290
291
294
296
297
300
301
303
304
307
308
310
314
317
318
320
320
320
320
320
320
320
320
320
320
320
320
320
320
320
320
320
320
320
320
320
320
320
320
320
320
320
320
320
320
320
320
320
320
320
320
320
320
320
320
320
320
320
320
320
320
320
320
320
320
320
320
320
320
320
320
320
320
320
320
320
320
320
320
320
320
320
320
320
320
320
320
320
320
320
320
320
320
320
320
320
320
320
320
320
320
320
320
320
320
320
320
320
320
320
320
320
320
320
320
320
320
320
320
320
320
320
320
320
320
320
320
320
320
320
320
320
320
320
320
320
320
320
320
320
320
320
320
320
320
320
320
320
320
320
320
320
320
320
320
320
320
320
320
320
320
320
320
320
320
320
328
345
345
345
345
345
345
345
345
345
345
346
355
362
367
369
370
370
370
370
371
373
378
381
384
388
391
392
393
396
396
398
402
406
407
409
411
412
413
418
418
419
421
425
429
429
431
434
434
435
436
440
442
446
447
452
456
456
458
461
462
464
469
473
476
476
478
480
480
481
482
483
485
488
491
493
497
498
498
500
500
503
505
508
512
515
515
515
518
520
521
523
527
528
531
533
535
536
537
541
542
547
548
550
551
553
554
556
556
558
558
562
562
562
565
569
570
573
578
580
582
583
584
584
589
592
593
597
598
600
602
603
605
608
611
613
614
619
620
623
625
628
628
629
632
634
635
637
639
642
648
661
663
666
670
672
672
677
682
688
689
691
695
698
702
706
713
718
721
722
728
732
736
741
745
751
753
758
761
767
770
774
774
779
783
788
794
795
798
802
804
808
815
816
822
826
829
833
838
845
846
848
854
859
868
869
876
880
881
886
891
895
900
906
909
914
918
925
930
933
937
940
943
945
952
955
960
963
969
971
973
981
983
988
991
995
998
1003
1007
1011
1013
1017
1021
1027
1029
1034
1036
1040
1045
1051
1055
1058
1061
1068
1072
1077
1079
1084
1088
1092
1098
1102
1108
1111
1113
1116
1123
1125
1128
1134
1142
1144
1145
1150
1155
1159
1162
1169
1172
1179
1182
1183
1187
1193
1198
1203
1205
1207
1209
1216
1219
1226
1229
1230
1235
1237
1240
1244
1246
1251
1251
1251
1251
1251
1252
1253
1254
1254
1254
1254
1255
1256
1256
1256
1256
1256
1256
1256
1256
1256
1256
1256
1256
1256
1256
1256
1256
1256
1256
1256
1256
1256
1256
1256
1256
1256
1256
1256
1256
1256
1256
1256
1256
1256
1256
1256
1256
1256
1256
1256
1256
1256
1256
1256
1256
1256
1256
1256
1256
1256
1256
1256
1256
1256
1256
1256
1256
1256
1256
1256
1256
1256
1256
1256
1256
1256
1256
1256
1256
1257
1258
1258
1258
1258
1259
1260
1260
1260
1260
1261
1261
1262
1262
1262
1262
1263
1263
1265
1265
1265
1265
1265
1266
1268
1268
1268
1268
1269
1269
1269
1269
1269
1269
1269
1269
1270
1274
1274
1274
1274
1274
1275
1276
1279
1279
1279
1279
1279
1279
1280
1283
1287
1287
1287
1287
1287
1287
1289
1294
1294
1294
1294
1294
1294
1296
1297
1299
1302
1303
1303
1303
1303
1303
1303
1303
1303
1303
1303
1303
1303
1303
1303
1303
1303
1303
1303
1303
1303
1303
1303
1303
1303
1303
1303
1303
1303
1303
1303
1303
1303
1303
1303
1303
1303
1303
1303
1303
1303
1303
1303
1303
1303
1303
1303
1303
1303
1303
1303
1303
1303
1303
1303
1303
1303
1303
1303
1303
1303
1303
1303
1303
1303
1303
1303
1303
1303
1303
1303
1303
1303
1303
1303
1303
1303
1303
1303
1303
1303
1303
1303
1303
1303
1303
1303
1303
1303
1303
1303
1303
1303
1303
1303
1303
1303
1303
1303
1303
1303
1303
1303
1303
1303
1303
1303
1303
1303
1303
1303
1303
1303
1303
1303
1303
1303
1303
1303
1303
1303
1303
1303
1303
1303
1303
1303
1303
1303
1303
1303
1303
1303
1303
1303
1303
1303
1303
1303
1303
1303
1303
1303
1303
1303
1303
1303
1303
1303
1303
1303
1303
1303
1308
1328
1328
1328
1328
1328
1328
1328
1332
1340
1344
1345
1346
1348
1348
1348
1350
1356
1360
1363
1363
1364
1365
1366
1370
1374
1377
1382
1383
1383
1386
1388
1391
1393
1397
1400
1400
1401
1403
1404
1406
1410
1414
1418
1418
1419
1423
1425
1427
1430
1431
1433
1435
1438
1441
1444
1444
1446
1450
1453
1456
1459
1462
1463
1465
1467
1471
1472
1474
1479
1482
1483
1484
1487
1488
1491
1491
1495
1498
1500
1504
1506
1510
1511
1517
1519
1522
1524
1525
1529
1533
1534
1537
1540
1545
1546
1548
1551
1554
1555
1557
1560
1560
1565
1570
1571
1575
1576
1577
1580
1584
1588
1590
1595
1598
1599
1600
1602
1603
1607
1613
1616
1619
1621
1621
1625
1627
1629
1634
1635
1637
1638
1641
1642
1648
1650
1651
1652
1654
1659
1660
1666
1668
1668
1668
1668
1670
1674
1680
1684
1688
1697
1699
1699
1700
1703
1707
1715
1719
1723
1728
1729
1729
1733
1735
1740
1747
1751
1755
1756
1756
1762
1765
1770
1775
1777
1780
1783
1787
1795
1797
1800
1803
1808
1810
1820
1824
1830
1832
1835
1838
1842
1848
1854
1861
1865
1868
1870
1874
1877
1886
1889
1893
1898
1902
1903
1908
1911
1914
1920
1926
1931
1933
1938
1942
1942
1949
1956
1959
1963
1966
1970
1974
1976
1983
1990
1996
2003
2008
2010
2013
2016
2021
2024
2030
2038
2044
2047
2052
2055
2056
2059
2067
2071
2080
2083
2086
2090
2095
2099
2103
2106
2114
2121
2126
2128
2129
2136
2142
2145
2150
2157
2159
2163
2170
2174
2180
2189
2191
2193
2196
2202
2208
2213
2218
2221
2225
2229
2234
2237
2243
2249
2256
2257
2262
2268
2272
2279
2288
2289
2295
2302
2304
2311
2314
2318
2320
2328
2332
2333
2339
2343
2346
2349
2349
2352
2354
2355
2358
2360
2364
2366
2369
2371
2373
2376
2379
2380
2382
2384
2386
2387
2390
2394
2398
2400
2403
2405
2406
2409
2414
2418
2419
2421
2424
2426
2429
2431
2432
2436
2440
2443
2445
2445
2448
2450
2452
2452
2454
2458
2461
2462
2463
2465
2466
2468
2471
2474
2477
2479
2481
2482
2485
2485
2489
2492
2495
2498
2498
2499
2502
2504
2509
2512
2516
2518
2520
2520
2523
2524
2528
2533
2534
2537
2543
2543
2544
2545
2549
2552
2553
2557
2564
2564
2564
2566
2569
2570
2577
2578
2580
2583
2585
2590
2591
2593
2595
2599
2602
2602
2608
2610
2612
2613
2615
2620
2622
2624
2629
2630
2633
2635
2637
2638
2642
2644
2645
2646
2650
2654
2655
2655
2656
2657
2658
2660
2662
2664
2667
2668
2668
2668
2668
2670
2671
2672
2674
2676
2676
2676
2676
2676
2676
2676
2676
2676
2676
2676
2676
2676
2676
2676
2676
2676
2676
2676
2676
2676
2676
2676
2676
2676
2676
2676
2676
2676
2676
2676
2676
2676
2676
2676
2676
2676
2676
2676
2676
2676
2676
2676
2676
2676
2676
2676
2676
2676
2676
2676
2676
2676
2676
2676
2676
2676
2676
2676
2676
2676
2676
2676
2676
2676
2676
2676
2676
2676
2676
2676
2676
2676
2676
2676
2676
2676
2676
2676
2676
2676
2676
2676
2676
2676
2676
2676
2676
2676
2676
2676
2676
2676
2676
2676
2676
2676
2676
2676
2676
2676
2676
2676
2676
2676
2676
2676
2676
2676
2676
2676
2676
2676
2676
2676
2676
2676
2676
2676
2676
2676
2676
2676
2676
2676
2676
2676
2676
2676
2676
2676
2676
2676
2676
2676
2676
2676
2676
2676
2676
2676
2676
2676
2676
2676
2676
2676
2676
2676
2676
2676
2676
2676
2680
2701
2701
2701
2701
2701
2701
2703
2707
2713
2715
2717
2717
2718
2721
2723
2726
2731
2737
2738
2738
2740
2742
2743
2749
2751
2755
2757
2760
2763
2763
2764
2767
2771
2772
2773
2778
2783
2787
2789
2790
2791
2793
2795
2797
2800
2802
2806
2806
2808
2810
2810
2814
2815
2820
2823
2825
2828
2830
2831
2834
2837
2842
2843
2847
2848
2852
2855
2857
2858
2858
2864
2865
2865
2869
2872
2877
2879
2882
2883
2883
2884
2886
2889
2894
2897
2901
2904
2904
2905
2907
2908
2911
2919
2924
2924
2926
2928
2930
2932
2937
2942
2945
2945
2946
2949
2953
2954
2956
2960
2962
2963
2963
2966
2968
2970
2974
2976
2979
2981
2983
2986
2988
2988
2991
2995
2997
2998
3000
3002
3007
3008
3010
3014
3014
3018
3022
3025
3028
3030
3030
3032
3035
3036
3038
3041
3044
3045
3048
3048
3052
3062
3067
3069
3069
3069
3071
3077
3081
3086
3094
3097
3102
3104
3105
3107
3117
3120
3124
3130
3134
3137
3142
3145
3153
3159
3161
3163
3164
3171
3175
3176
3178
3187
3191
3198
3199
3202
3206
3211
3214
3215
3226
3229
3234
3236
3242
3245
3247
3251
3259
3265
3268
3273
3280
3280
3282
3286
3289
3293
3296
3302
3306
3310
3315
3322
3326
3328
3334
3338
3343
3347
3351
3360
3365
3368
3372
3379
3382
3387
3390
3397
3400
3407
3415
3421
3424
3426
3431
3434
3440
3443
3449
3453
3464
3468
3470
3478
3479
3481
3487
3491
3496
3505
3509
3513
3519
3525
3529
3536
3541
3547
3556
3561
3565
3571
3573
3577
3578
3584
3589
3597
3603
3605
3609
3614
3623
3631
3635
3638
3641
3646
3653
3657
3666
3674
3679
3681
3684
3688
3696
3702
3709
3712
3717
3721
3725
3732
3734
3741
3743
3745
3746
3748
3751
3753
3756
3759
3762
3764
3766
3769
3771
3772
3779
3782
3782
3784
3788
3791
3796
3798
3801
3802
3804
3806
3806
3812
3814
3817
3820
3820
3823
3825
3826
3829
3831
3835
3837
3837
3841
3845
3847
3848
3852
3853
3856
3858
3861
3862
3867
3871
3873
3874
3875
3877
3878
3882
3885
3888
3890
3894
3895
3898
3899
3903
3906
3906
3911
3914
3915
3917
3919
3921
3922
3924
3925
3931
3934
3938
3940
3941
3942
3945
3948
3951
3955
3959
3960
3961
3963
3966
3966
3972
3972
3977
3979
3980
3982
3983
3987
3991
3993
3995
3999
4001
4004
4006
4009
4010
4016
4021
4024
4025
4025
4027
4029
4032
4038
4042
4045
4045
4046
4048
4051
4054
4057
4061
4062
4066
4067
4068
4069
4070
4075
4077
4081
4084
4086
4088
4090
4091
4094
4096
4098
4099
4102
4105
4106
4108
4108
4108
4108
4108
4108
4108
4108
4108
4108
4108
4108
4108
4108
4108
4108
4108
4108
4108
4108
4108
4108
4108
4108
4108
4108
4108
4108
4108
4108
4108
4108
4108
4108
4108
4108
4108
4108
4108
4108
4108
4108
4108
4108
4108
4108
4108
4108
4108
4108
4108
4108
4108
4108
4108
4108
4108
4108
4108
4108
4108
4108
4108
4108
4108
4108
4108
4108
4108
4108
4108
4108
4108
4108
4108
4108
4108
4108
4108
4108
4108
4108
4108
4108
4108
4108
4108
4108
4108
4108
4108
4108
4108
4108
4108
4108
4108
4108
4108
4108
4108
4108
4108
4108
4108
4108
4108
4108
4108
4108
4108
4108
4108
4108
4108
4108
4108
4108
4108
4108
4108
4108
4108
4108
4108
4108
4108
4108
4108
4108
4108
4108
4108
4108
4108
4108
4108
4108
4108
4108
4108
4108
4108
4108
4108
4108
4108
4108
4108
4108
4108
4117
4133
4133
4133
4133
4133
4135
4136
4141
4144
4148
4150
4151
4153
4154
4155
4159
4162
4164
4168
4170
4172
4174
4175
4177
4180
4183
4187
4187
4189
4194
4196
4198
4202
4204
4206
4208
4212
4214
4216
4219
4224
4227
4229
4229
4229
4233
4235
4238
4244
4246
4247
4247
4248
4251
4255
4257
4262
4265
4268
4270
4272
4272
4276
4277
4279
4283
4285
4291
4292
4293
4294
4295
4299
4302
4306
4308
4312
4313
4314
4314
4318
4321
4324
4329
4332
4334
4336
4338
4341
4343
4343
4348
4350
4356
4358
4359
4361
4362
4364
4366
4368
4372
4374
4376
4378
4379
4384
4386
4388
4391
4392
4394
4395
4399
4400
4401
4406
4408
4409
4413
4416
4418
4421
4423
4424
4426
4427
4433
4437
4438
4439
4440
4443
4445
4446
4453
4455
4457
4462
4464
4466
4469
4471
4475
4476
4477
4478
4485
4486
4496
4505
4508
4510
4511
4515
4516
4524
4530
4535
4540
4548
4553
4555
4558
4566
4573
4576
4581
4587
4589
4591
4597
4601
4604
4609
4612
4617
4624
4629
4634
4640
4645
4647
4653
4657
4666
4671
4680
4683
4686
4694
4697
4701
4709
4715
4721
4722
4727
4733
4736
4740
4748
4751
4756
4760
4765
4774
4778
4785
4789
4792
4798
4804
4808
4814
4818
4820
4826
4829
4834
4837
4844
4851
4855
4857
4860
4868
4872
4876
4884
4887
4893
4895
4900
4904
4910
4911
4919
4927
4931
4937
4942
4950
4953
4959
4962
4973
4978
4981
4986
4990
4997
4998
5003
5012
5015
5023
5028
5030
5035
5037
5045
5051
5055
5063
5069
5074
5077
5079
5083
5085
5095
5101
5108
5112
5117
5120
5125
5133
5139
5143
5148
5152
5155
5160
5165
5169
5174
5180
5185
5190
5192
5197
5203
5210
5212
5220
5225
5228
5230
