210
202
201
188
191
196
197
201
201
202
203
201
199
195
194
192
193
192
193
193
192
194
194
193
191
190
189
188
188
196
193
194
193
195
193
196
194
199
198
197
198
196
197
194
196
193
193
193
194
198
195
194
193
191
190
190
191
196
195
198
201
197
201
202
201
199
198
199
195
196
194
194
193
194
195
192
189
190
189
188
189
186
187
186
185
184
184
185
187
184
183
186
183
188
189
189
190
190
189
189
195
194
195
195
197
197
197
197
197
197
192
194
195
193
190
191
191
191
191
192
192
189
188
189
186
186
189
188
188
191
196
194
196
198
201
197
197
201
201
200
201
197
198
197
201
202
202
203
196
198
0
0
0
0
0
0
0
0
0
0
0
0
0
0
0
0
0
0
0
0
0
0
0
0
0
0
0
0
0
0
0
0
0
0
0
0
0
0
0
0
0
0
0
0
0
0
0
0
0
0
0
0
0
0
0
0
0
0
0
0
0
0
0
0
0
0
0
0
0
0
0
0
0
0
0
0
0
0
0
0
0
0
0
0
0
0
0
0
0
0
0
0
0
0
0
0
0
0
0
0
0
0
0
0
0
0
0
0
0
0
0
0
0
0
0
0
0
0
0
0
0
0
0
0
0
0
0
0
0
0
0
0
0
0
0
0
0
0
0
0
0
0
0
0
0
0
0
0
0
0
0
0
0
0
0
0
0
0
0
0
0
0
0
0
0
0
0
0
0
0
0
0
0
0
0
0
0
0
0
0
0
0
0
0
0
0
0
0
0
0
0
0
0
0
0
0
0
0
0
0
0
0
0
0
0
0
0
0
0
0
0
0
0
0
0
0
0
0
0
0
0
0
0
0
0
0
0
0
0
0
0
0
0
0
0
0
0
0
0
0
0
0
0
0
0
0
0
0
0
0
0
0
0
0
0
0
0
0
0
0
0
0
0
0
0
0
0
0
0
0
0
0
0
0
0
0
0
0
0
0
0
0
0
0
0
0
0
0
0
0
0
0
0
0
0
0
0
0
0
0
194
184
184
187
188
192
192
192
190
189
190
189
190
188
188
192
198
198
197
194
195
193
191
191
192
193
194
194
195
194
196
195
194
194
190
186
185
188
186
183
182
182
178
178
177
176
177
175
174
174
174
173
172
170
169
169
168
168
164
164
160
158
158
156
155
152
149
146
144
142
143
141
137
133
130
127
125
124
123
120
120
115
112
111
109
106
103
103
101
98
96
93
90
86
84
84
84
81
79
75
72
70
70
70
69
69
64
61
57
55
54
54
52
50
48
44
42
42
39
37
33
32
32
29
28
28
28
27
25
23
22
20
18
18
18
16
14
12
11
10
9
12
12
12
11
11
10
11
10
10
10
10
10
11
11
11
11
11
11
10
13
12
12
12
12
12
14
15
15
15
15
15
15
18
19
19
19
19
19
19
19
21
23
23
23
23
24
25
31
33
33
33
34
34
34
34
38
39
41
41
42
42
43
44
44
44
46
47
47
47
47
47
47
48
51
52
52
52
54
54
55
57
58
60
61
62
62
63
64
64
65
66
67
66
68
69
69
69
69
71
71
71
73
74
74
76
80
82
83
87
88
88
91
93
94
98
99
101
103
101
101
105
105
109
111
113
113
115
116
116
121
121
124
122
123
126
126
129
134
138
137
136
135
137
140
142
143
145
146
147
150
152
155
155
156
159
159
157
160
162
0
0
0
0
0
0
0
0
0
0
0
0
0
0
0
0
0
0
0
0
0
0
0
0
0
0
0
0
0
0
0
0
0
0
0
0
0
0
0
0
0
0
0
0
0
0
0
0
0
0
0
0
0
0
0
0
0
0
0
0
0
0
0
0
0
0
0
0
0
0
0
0
0
0
0
0
0
0
0
0
0
0
0
0
0
0
0
0
0
0
0
0
0
0
0
0
0
0
0
0
0
0
0
0
0
0
0
0
0
0
0
0
0
0
0
0
0
0
0
0
0
0
0
0
0
0
0
0
0
0
0
0
0
0
0
0
0
0
0
0
0
0
0
0
0
0
0
0
0
0
0
0
0
0
0
0
0
0
0
0
0
0
0
0
0
0
0
0
0
0
0
0
0
0
0
0
0
0
0
0
0
0
0
0
0
0
0
0
0
0
0
0
0
0
0
0
0
0
0
0
0
0
0
0
0
0
0
0
0
0
0
0
0
0
0
0
0
0
0
0
0
0
0
0
0
0
0
0
0
0
0
0
0
0
0
0
0
0
0
0
0
0
0
0
0
0
0
0
0
0
0
0
0
0
0
0
0
0
0
0
0
0
0
0
0
0
0
0
0
0
0
0
0
0
0
0
0
0
0
0
0
0
0
0
0
0
0
0
0
0
0
0
0
0
0
0
0
0
0
0
162
161
163
166
168
171
171
174
178
179
181
183
184
182
186
184
185
185
187
189
193
196
199
199
200
200
201
204
205
210
210
212
215
212
209
208
209
210
211
210
211
211
213
214
210
211
209
208
211
211
214
214
214
212
212
212
212
215
218
218
217
219
219
216
217
218
217
223
224
223
223
224
226
230
229
230
229
230
231
230
233
233
234
235
233
235
232
235
235
236
236
234
232
234
234
230
235
232
232
230
232
233
231
233
231
232
236
236
234
233
230
232
235
237
239
238
236
235
235
233
233
237
238
240
239
238
237
235
231
232
237
239
242
240
241
242
240
237
239
239
244
248
246
245
243
244
247
249
250
248
246
245
242
241
245
246
246
247
245
244
241
247
247
249
249
245
247
249
249
248
248
248
244
240
241
238
241
239
238
238
241
240
238
239
239
239
238
235
234
233
231
230
228
229
229
228
227
226
225
224
219
217
213
209
208
212
213
212
211
207
206
202
199
199
200
200
198
197
196
194
188
187
186
186
191
189
186
183
181
179
178
177
177
174
173
176
176
170
171
168
164
166
165
161
161
161
166
165
165
163
160
159
157
157
157
156
156
160
163
160
157
155
153
153
152
156
156
157
153
153
154
152
155
155
151
153
150
147
149
153
156
157
155
155
156
157
160
161
163
165
165
163
164
166
166
167
171
168
166
170
0
0
0
0
0
0
0
0
0
0
0
0
0
0
0
0
0
0
0
0
0
0
0
0
0
0
0
0
0
0
0
0
0
0
0
0
0
0
0
0
0
0
0
0
0
0
0
0
0
0
0
0
0
0
0
0
0
0
0
0
0
0
0
0
0
0
0
0
0
0
0
0
0
0
0
0
0
0
0
0
0
0
0
0
0
0
0
0
0
0
0
0
0
0
0
0
0
0
0
0
0
0
0
0
0
0
0
0
0
0
0
0
0
0
0
0
0
0
0
0
0
0
0
0
0
0
0
0
0
0
0
0
0
0
0
0
0
0
0
0
0
0
0
0
0
0
0
0
0
0
0
0
0
0
0
0
0
0
0
0
0
0
0
0
0
0
0
0
0
0
0
0
0
0
0
0
0
0
0
0
0
0
0
0
0
0
0
0
0
0
0
0
0
0
0
0
0
0
0
0
0
0
0
0
0
0
0
0
0
0
0
0
0
0
0
0
0
0
0
0
0
0
0
0
0
0
0
0
0
0
0
0
0
0
0
0
0
0
0
0
0
0
0
0
0
0
0
0
0
0
0
0
0
0
0
0
0
0
0
0
0
0
0
0
0
0
0
0
0
0
0
0
0
0
0
0
0
0
0
0
0
0
0
0
0
0
0
0
0
0
0
0
0
0
0
0
0
0
0
0
166
165
166
170
173
178
181
184
183
185
186
185
188
191
189
189
194
199
200
200
203
204
205
207
206
206
212
212
213
214
215
220
223
222
222
221
222
225
227
228
230
233
233
232
232
232
232
233
235
238
238
239
239
240
240
240
241
236
234
235
240
238
243
245
243
239
239
241
238
239
242
241
236
234
233
236
236
235
236
237
237
239
241
239
239
238
235
235
236
236
236
234
233
235
233
233
233
229
228
230
235
235
234
234
235
236
237
236
238
235
234
239
238
237
234
232
234
235
236
237
236
238
239
239
239
239
239
237
238
242
244
241
241
239
239
238
238
235
241
239
244
243
242
241
245
244
245
244
244
244
242
243
244
245
241
240
241
238
235
233
234
236
235
234
231
229
230
231
233
234
238
237
235
235
232
232
231
235
231
231
232
234
232
228
229
232
238
239
239
240
239
237
239
240
238
236
233
233
238
236
236
239
238
238
236
237
234
231
236
237
235
236
234
232
231
235
235
236
236
234
232
235
233
231
232
232
229
232
230
230
231
234
234
232
229
233
231
230
232
237
239
236
231
228
234
236
237
238
238
240
240
241
240
241
240
239
241
243
242
242
241
241
239
239
244
245
244
243
244
244
242
241
241
241
241
240
238
242
240
244
243
239
239
241
243
241
242
242
241
238
239
243
243
245
244
242
246
240
241
243
0
0
0
0
0
0
0
0
0
0
0
0
0
0
0
0
0
0
0
0
0
0
0
0
0
0
0
0
0
0
0
0
0
0
0
0
0
0
0
0
0
0
0
0
0
0
0
0
0
0
0
0
0
0
0
0
0
0
0
0
0
0
0
0
0
0
0
0
0
0
0
0
0
0
0
0
0
0
0
0
0
0
0
0
0
0
0
0
0
0
0
0
0
0
0
0
0
0
0
0
0
0
0
0
0
0
0
0
0
0
0
0
0
0
0
0
0
0
0
0
0
0
0
0
0
0
0
0
0
0
0
0
0
0
0
0
0
0
0
0
0
0
0
0
0
0
0
0
0
0
0
0
0
0
0
0
0
0
0
0
0
0
0
0
0
0
0
0
0
0
0
0
0
0
0
0
0
0
0
0
0
0
0
0
0
0
0
0
0
0
0
0
0
0
0
0
0
0
0
0
0
0
0
0
0
0
0
0
0
0
0
0
0
0
0
0
0
0
0
0
0
0
0
0
0
0
0
0
0
0
0
0
0
0
0
0
0
0
0
0
0
0
0
0
0
0
0
0
0
0
0
0
0
0
0
0
0
0
0
0
0
0
0
0
0
0
0
0
0
0
0
0
0
0
0
0
0
0
0
0
0
0
0
0
0
0
0
0
0
0
0
0
0
0
0
0
0
0
0
0
241
227
229
230
232
234
241
240
239
235
233
233
235
237
238
237
237
240
239
239
234
236
232
235
239
243
242
243
239
239
241
241
241
239
240
238
239
242
238
237
237
239
238
238
237
237
240
240
244
245
247
246
242
246
245
246
248
249
251
253
251
253
255
257
256
256
255
256
249
250
248
249
250
251
249
247
244
243
247
248
248
246
244
244
245
243
242
246
247
250
249
246
246
244
246
244
242
241
240
241
242
239
240
238
237
231
229
232
232
235
233
231
231
234
234
233
231
231
231
233
237
235
235
232
230
233
233
233
234
237
240
240
240
239
236
239
243
245
246
245
241
241
237
238
238
237
239
238
236
235
235
