10
23
25
25
25
26
43
49
50
50
50
61
68
73
74
78
80
83
88
98
105
109
112
116
120
124
131
135
141
143
149
154
156
161
165
171
180
183
187
190
196
200
201
206
214
220
223
230
232
239
240
240
241
246
251
253
260
264
270
271
277
285
291
294
300
301
305
311
316
319
321
323
324
325
327
329
333
336
343
347
352
361
369
378
386
394
401
408
417
423
426
430
433
435
440
444
450
457
463
467
468
470
473
477
480
483
485
487
490
494
502
506
507
508
510
513
516
521
524
530
533
535
540
545
548
552
556
557
561
566
571
574
575
578
582
585
587
587
588
590
591
592
594
594
595
595
596
597
598
598
598
598
598
598
598
598
598
598
598
598
598
598
598
598
598
598
598
598
598
598
598
598
598
598
598
598
598
598
598
598
598
598
598
598
598
598
598
598
598
598
598
598
598
598
598
598
598
598
598
598
598
598
598
598
598
598
598
598
598
598
598
598
598
598
598
598
598
598
598
598
598
598
598
598
598
598
598
598
598
598
598
598
598
598
598
598
598
598
598
598
598
598
598
598
598
598
598
598
598
598
598
598
598
598
598
598
598
598
598
598
598
598
598
598
598
598
598
598
598
598
598
598
598
598
598
598
598
598
598
598
598
598
598
598
598
598
598
598
598
598
598
598
598
598
598
598
598
598
598
598
623
623
623
623
623
623
623
623
623
623
623
623
623
623
623
623
623
623
623
624
626
630
636
643
652
661
670
678
685
694
699
703
705
706
708
710
711
712
716
718
720
722
725
727
730
732
733
733
734
735
737
742
747
750
754
757
759
761
763
765
767
770
771
772
772
773
776
779
781
781
782
786
789
792
794
799
804
808
811
813
817
820
822
827
830
833
835
838
841
843
846
850
852
855
858
863
868
874
880
887
893
898
905
912
919
927
935
943
951
960
969
978
987
996
1005
1014
1023
1032
1041
1050
1059
1068
1077
1086
1095
1104
1113
1122
1131
1140
1149
1158
1167
1176
1185
1194
1203
1212
1221
1230
1239
1248
1257
1266
1275
1284
1293
1302
1311
1320
1348
1357
1366
1376
1386
1395
1404
1413
1423
1433
1442
1451
1462
1472
1483
1493
1502
1515
1526
1536
1545
1555
1565
1576
1589
1600
1611
1621
1631
1644
1658
1671
1682
1694
1707
1718
1733
1748
1761
1776
1791
1808
1824
1839
1854
1870
1887
1902
1917
1935
1952
1967
1984
2001
2018
2035
2053
2075
2095
2115
2135
2154
2172
2190
2207
2225
2242
2259
2276
2294
2312
2330
2348
2367
2388
2407
2425
2444
2462
2479
2497
2515
2532
2549
2565
2583
2603
2622
2641
2661
2679
2697
2716
2734
2751
2768
2784
2801
2821
2838
2858
2878
2896
2913
2930
2947
2967
2986
3004
3022
3041
3061
3080
3100
3120
3138
3155
3172
3190
3208
3223
3237
3252
3268
3285
3303
3320
3335
3351
3366
3380
3393
3408
3422
3437
3451
3467
3483
3500
3518
3537
3557
3579
3601
3625
3648
3673
3700
3725
3748
3750
3752
3754
3757
3760
3763
3766
3768
3771
3773
3776
3780
3782
3784
3786
3787
3789
3792
3795
3798
3800
3802
3803
3804
3806
3810
3812
3812
3814
3817
3823
3827
3833
3839
3845
3850
3854
3856
3858
3860
3863
3866
3870
3875
3880
3884
3890
3895
3900
3903
3906
3909
3912
3917
3920
3925
3929
3936
3943
3948
3953
3957
3964
3970
3976
3981
3986
3993
4000
4007
4015
4025
4036
4046
4056
4066
4075
4086
4098
4109
4120
4131
4142
4153
4164
4174
4182
4191
4201
4211
4220
4228
4235
4243
4250
4257
4264
4272
4280
4289
4300
4309
4317
4326
4334
4343
4352
4361
4369
4377
4386
4395
4404
4413
4424
4434
4442
4451
4459
4469
4481
4491
4501
4510
4519
4528
4537
4547
4556
4566
4576
4585
4596
4605
4615
4625
4637
4647
4658
4669
4681
4690
4697
4707
4716
4722
4728
4735
4744
4752
4752
4752
4752
4752
4752
4752
4752
4752
4752
4752
4752
4752
4752
4752
4752
4752
4752
4752
4752
4752
4752
4752
4752
4752
4752
4752
4752
4752
4752
4752
4752
4752
4752
4752
4752
4752
4752
4752
4752
4752
4752
4752
4752
4752
4752
4752
4752
4752
4752
4752
4752
4752
4752
4752
4752
4752
4752
4752
4752
4752
4752
4752
4752
4752
4752
4752
4752
4752
4752
4752
4752
4752
4752
4752
4752
4752
4752
4752
4752
4752
4752
4752
4752
4752
4752
4752
4752
4752
4752
4752
4752
4752
4752
4752
4752
4752
4752
4752
4752
4752
4752
4752
4752
4752
4752
4752
4752
4752
4752
4752
4752
4752
4752
4752
4752
4752
4752
4752
4752
4752
4752
4752
4752
4752
4752
4752
4752
4752
4752
4752
4752
4752
4752
4752
4752
4752
4752
4752
4752
4752
4752
4752
4752
4752
4752
4752
4752
4752
4752
4752
4768
4768
4768
4773
4777
4777
4778
4782
4785
4786
4788
4790
4794
4797
4798
4801
4805
4806
4807
4808
4810
4814
4818
4819
4822
4827
4832
4838
4842
4845
4849
4854
4858
4860
4863
4866
4867
4869
4873
4877
4883
4887
4890
4893
4894
4894
4896
4898
4900
4901
4903
4904
4905
4909
4914
4916
4920
4920
4921
4925
4928
4930
4933
4935
4937
4938
4940
4940
4941
4942
4945
4948
4950
4953
4956
4960
4963
4967
4971
4974
4976
4979
4982
4984
4985
4987
4993
4998
5002
5007
5011
5012
5015
5017
5019
5023
5025
5027
5029
5032
5034
5034
5035
5039
5042
5045
5048
5052
5058
5061
5064
5066
5067
5068
5070
5070
5071
5072
5075
5077
5079
5082
5086
5088
5089
5091
5093
5094
5096
5100
5105
5109
5112
5114
5115
5117
5120
5124
5130
5133
5137
5140
5143
5148
5152
5155
5157
5159
5161
5163
5185
5189
5193
5201
5213
5216
5224
5236
5242
5248
5255
5262
5269
5278
5285
5291
5297
5304
5311
5319
5325
5333
5337
5344
5354
5364
5375
5383
5390
5398
5405
5411
5415
5422
5428
5435
5444
5452
5461
5471
5482
5495
5508
5519
5527
5535
5543
5551
5560
5570
5581
5593
5603
5611
5620
5630
5642
5653
5663
5674
5687
5702
5716
5729
5743
5758
5773
5787
5802
5812
5822
5833
5843
5856
5870
5885
5899
5914
5928
5942
5956
5969
5983
5997
6010
6026
6043
6060
6076
6091
6105
6120
6135
6150
6165
6181
6197
6212
6227
6245
6258
6271
6284
6297
6310
6323
6338
6350
6364
6378
6391
6405
6419
6433
6447
6460
6471
6484
6496
6509
6512
6516
6519
6521
6523
6526
6529
6532
6534
6537
6539
6542
6545
6548
6550
6553
6557
6560
6567
6571
6580
6591
6602
6613
6625
6635
6647
6658
6667
6677
6679
6680
6681
6685
6690
6696
6703
6708
6713
6718
6720
6721
6722
6725
6729
6733
6736
6741
6745
6748
6749
6752
6757
6760
6764
6768
6773
6778
6783
6787
6788
6789
6790
6792
6792
6792
6793
6796
6798
6800
6803
6806
6809
6813
6817
6821
6825
6829
6837
6844
6850
6856
6861
6866
6871
6877
6880
6883
6886
6891
6899
6906
6914
6921
6930
6941
6951
6961
6970
6980
6990
7000
7009
7018
7028
7037
7045
7055
7064
7075
7086
7096
7107
7115
7123
7133
7146
7157
7172
7185
7199
7213
7227
7240
7255
7269
7283
7297
7309
7324
7337
7349
7363
7376
7390
7403
7416
7429
7441
7453
7467
7480
7494
7507
7519
7532
7545
7559
7572
7586
7600
7613
7626
7639
7652
7664
7675
7688
7702
7716
7731
7746
7760
7773
7786
7800
7814
7826
7833
7837
7838
7839
7839
7839
7841
7844
7845
7848
7850
7852
7852
7852
7852
7852
7852
7852
7852
7852
7852
7852
7852
7852
7852
7852
7852
7852
7852
7852
7852
7852
7852
7852
7852
7852
7852
7852
7852
7852
7852
7852
7852
7852
7852
7852
7852
7852
7852
7852
7852
7852
7852
7852
7852
7852
7852
7852
7852
7852
7852
7852
7852
7852
7852
7852
7852
7852
7852
7852
7852
7852
7852
7852
7852
7852
7852
7852
7852
7852
7852
7852
7852
7852
7852
7852
7852
7852
7852
7852
7852
7852
7852
7852
7852
7852
7852
7852
7852
7852
7852
7852
7852
7852
7852
7852
7852
7852
7852
7852
7852
7852
7852
7852
7852
7852
7852
7852
7852
7852
7852
7852
7852
7852
7852
7852
7852
7852
7852
7852
7852
7852
7852
7852
7852
7852
7852
7852
7852
7852
7852
7852
7852
7852
7852
7852
7852
7852
7852
7852
7852
7852
7852
7852
7852
7852
7852
7852
7852
7852
7852
7852
7870
7870
7870
7871
7875
7876
7877
7879
7882
7882
7885
7887
7888
7890
7891
7894
7894
7894
7896
7898
7900
7902
7905
7905
7907
7912
7919
7928
7933
7939
7946
7951
7956
7958
7959
7962
7966
7968
7969
7970
7971
7972
7973
7975
7979
7982
7984
7985
7987
7989
7991
7992
7993
7994
7996
7997
8000
8002
8004
8005
8007
8008
8010
8013
8015
8017
8022
8023
8024
8027
8028
8031
8035
8039
8040
8040
8042
8045
8046
8048
8050
8051
8052
8054
8055
8057
8060
8064
8067
8069
8072
8075
8078
8080
8082
8084
8085
8088
8090
8094
8098
8103
8107
8111
8115
8120
8123
8125
8126
8127
8131
8135
8140
8143
8146
8149
8153
8157
8160
8163
8165
8166
8167
8168
8171
8175
8179
8181
8181
8181
8181
8184
8186
8187
8188
8189
8189
8190
8191
8192
8194
8197
8202
8205
8209
8211
8212
8214
8215
8216
8238
8240
8244
8249
8258
8263
8268
8277
8281
8285
8291
8298
8304
8312
8317
8322
8332
8340
8346
8354
8362
8375
8382
8390
8398
8407
8415
8420
8427
8439
8452
8461
8469
8476
8484
8489
8497
8508
8521
8534
8546
8558
8568
8580
8589
8601
8615
8631
8648
8665
8682
8696
8712
8727
8740
8755
8771
8788
8802
8816
8832
8847
8864
8879
8895
8910
8926
8941
8955
8968
8983
9000
9018
9036
9053
9070
9087
9102
9118
9133
9149
9163
9178
9194
9211
9227
9244
9261
9275
9290
9304
9320
9334
9352
9370
9385
9400
9419
9434
9449
9467
9482
9497
9514
9530
9547
9564
9580
9595
9610
9623
9635
9649
9662
9676
9690
9706
9723
9737
9751
9759
9769
9778
9786
9795
9805
9811
9820
9829
9837
9845
9852
9858
9864
9871
9879
9887
9895
9900
9907
9914
9920
9928
9936
9942
9948
9955
9963
9972
9983
9988
9992
9997
10000
10004
10007
10010
10015
10019
10023
10028
10032
10036
10041
10045
10047
10050
10053
10058
10060
10064
10068
10074
10081
10088
10094
10099
10104
10109
10113
10116
10120
10125
10129
10132
10135
10139
10142
10146
10150
10154
10158
10162
10164
10167
10172
10179
10188
10197
10204
10210
10214
10220
10226
10232
10239
10245
10253
10263
10275
10285
10298
10311
10321
10332
10341
10351
10362
10374
10382
10392
10401
10408
10416
10423
10432
10440
10448
10458
10467
10478
10488
10495
10505
10515
10524
10532
10542
10550
10558
10568
10580
10592
10603
10614
10624
10636
10648
10660
10671
10683
10695
10707
10716
10725
10735
10743
10752
10761
10771
10782
10793
10804
10815
10827
10837
10848
10860
10871
10882
10892
10902
10912
10923
10934
10946
10959
10971
10983
10997
11012
11025
11039
11055
11066
11077
11089
11097
11104
11111
11116
11121
11124
11128
11134
11140
11147
11153
11158
11162
11162
11162
11162
11162
11162
11162
11162
11162
11162
11162
11162
11162
11162
11162
11162
11162
11162
11162
11162
11162
11162
11162
11162
11162
11162
11162
11162
11162
11162
11162
11162
11162
11162
11162
11162
11162
11162
11162
11162
11162
11162
11162
11162
11162
11162
11162
11162
11162
11162
11162
11162
11162
11162
11162
11162
11162
11162
11162
11162
11162
11162
11162
11162
11162
11162
11162
11162
11162
11162
11162
11162
11162
11162
11162
11162
11162
11162
11162
11162
11162
11162
11162
11162
11162
11162
11162
11162
11162
11162
11162
11162
11162
11162
11162
11162
11162
11162
11162
11162
11162
11162
11162
11162
11162
11162
11162
11162
11162
11162
11162
11162
11162
11162
11162
11162
11162
11162
11162
11162
11162
11162
11162
11162
11162
11162
11162
11162
11162
11162
11162
11162
11162
11162
11162
11162
11162
11162
11162
11162
11162
11162
11162
11162
11162
11162
11162
11162
11162
11162
11162
11183
11183
11183
11183
11190
11190
11190
11193
11195
11198
11199
11200
11202
11203
11206
11207
11210
11210
11213
11217
11218
11222
11226
11233
11240
11249
11257
11266
11274
11279
11282
11284
11287
11294
11300
11303
11307
11307
11309
11311
11316
11320
11325
11327
11330
11334
11338
11342
11348
11352
11355
11360
11364
11368
11373
11376
11378
11378
11380
11383
11386
11388
11391
11394
11398
11403
11407
11411
11415
11416
11417
11418
11421
11425
11427
11431
11434
11436
11439
11443
11447
11449
11453
11456
11460
11463
11467
11470
11474
11479
11483
11488
11493
11496
11499
11501
11503
11504
11508
11509
11511
11515
11517
11518
11523
11528
11532
11534
11537
11542
11546
11549
11553
11556
11559
11564
11570
11574
11577
11580
11582
11583
11586
11588
11591
11595
11598
11600
11602
11604
11607
11610
11615
11619
11624
11627
11631
11634
11637
11639
11641
11643
11644
11647
11650
11652
11653
11655
11657
11658
11676
11678
11680
11685
11693
11697
11701
11707
11712
11719
11726
11737
11742
11752
11764
11775
11784
11795
11806
11816
11825
11836
11845
11855
11865
11870
11878
11886
11895
11905
11915
11927
11940
11947
11955
11965
11975
11986
11997
12008
12020
12032
12043
12053
12065
12079
12091
12107
12117
12128
12143
12158
12170
12184
12200
12214
12230
12246
12262
12277
12295
12309
12325
12340
12353
12365
12377
12389
12400
12410
12424
12438
12453
12469
12482
12492
12505
12517
12531
12542
12553
12565
12577
12588
12601
12612
12624
12638
12650
12662
12674
12687
12704
12722
12739
12754
12768
12781
12792
12803
12815
12826
12836
12847
12858
12868
12877
12886
12897
12907
12915
12922
12930
12935
12943
12950
12957
12965
12971
12979
12984
12989
12992
12994
12997
13002
13006
13011
13016
13020
13026
13031
13035
13041
13050
13054
13059
13067
13074
13083
13091
13104
13119
13133
13148
13164
13183
13197
13210
13223
13225
