26
72
75
75
75
88
120
142
150
152
161
184
204
221
227
240
258
270
285
296
310
323
334
350
364
379
395
404
415
427
438
450
470
486
501
513
520
531
550
569
582
593
605
618
636
653
664
675
686
695
713
732
744
760
777
793
805
821
839
854
870
875
885
894
905
916
926
936
946
960
979
998
1012
1026
1034
1046
1058
1070
1085
1098
1114
1131
1145
1158
1169
1181
1195
1217
1243
1266
1279
1288
1299
1315
1331
1341
1354
1369
1380
1392
1402
1413
1424
1435
1445
1454
1464
1474
1481
1496
1508
1520
1534
1551
1568
1584
1599
1614
1625
1634
1643
1654
1663
1677
1689
1701
1714
1729
1746
1766
1784
1797
1813
1825
1836
1849
1857
1868
1878
1891
1901
1910
1916
1924
1935
1949
1960
1972
1981
1991
1991
1991
1991
1991
1991
1991
1991
1991
1991
1991
1991
1991
1991
1991
1991
1991
1991
1991
1991
1991
1991
1991
1991
1991
1991
1991
1991
1991
1991
1991
1991
1991
1991
1991
1991
1991
1991
1991
1991
1991
1991
1991
1991
1991
1991
1991
1991
1991
1991
1991
1991
1991
1991
1991
1991
1991
1991
1991
1991
1991
1991
1991
1991
1991
1991
1991
1991
1991
1991
1991
1991
1991
1991
1991
1991
1991
1991
1991
1991
1991
1991
1991
1991
1991
1991
1991
1991
1991
1991
1991
1991
1991
1991
1991
1991
1991
1991
1991
1991
1991
1991
1991
1991
1991
1991
1991
1991
1991
1991
1991
1991
1991
1991
1991
1991
1991
1991
1991
1991
1991
1991
1991
1991
1991
1991
1991
1991
1991
1991
1991
1991
1991
1991
1991
1991
1991
1991
1991
1991
1991
1991
1991
1991
1991
1991
1991
1991
1991
1991
1991
2066
2066
2066
2066
2066
2066
2066
2066
2066
2066
2066
2066
2066
2066
2066
2066
2066
2066
2067
2072
2093
2124
2163
2203
2249
2291
2330
2361
2384
2407
2425
2444
2462
2476
2485
2491
2500
2512
2528
2540
2546
2551
2558
2566
2578
2589
2601
2609
2613
2625
2636
2647
2656
2672
2684
2694
2700
2709
2723
2735
2743
2749
2759
2773
2785
2797
2810
2820
2831
2845
2857
2871
2882
2897
2905
2919
2937
2951
2960
2970
2981
2995
3009
3023
3037
3049
3066
3078
3089
3100
3113
3127
3143
3161
3178
3193
3206
3221
3235
3247
3258
3269
3281
3292
3301
3310
3320
3332
3344
3354
3366
3376
3386
3395
3403
3410
3419
3426
3431
3440
3448
3456
3463
3472
3482
3492
3505
3514
3523
3532
3535
3541
3551
3559
3572
3584
3594
3604
3613
3623
3634
3643
3651
3662
3671
3679
3687
3696
3707
3717
3800
3808
3815
3849
3889
3912
3931
3963
3989
4016
4042
4064
4084
4120
4144
4171
4201
4221
4252
4284
4302
4326
4343
4362
4382
4405
4426
4449
4473
4499
4529
4556
4578
4602
4629
4657
4690
4719
4741
4762
4790
4814
4843
4870
4898
4918
4940
4962
4984
5010
5035
5055
5076
5097
5124
5159
5190
5221
5246
5273
5298
5316
5335
5354
5376
5398
5421
5445
5463
5481
5498
5519
5539
5561
5588
5617
5644
5667
5690
5711
5734
5754
5775
5795
5815
5842
5864
5882
5897
5917
5937
5959
5983
6004
6029
6057
6081
6105
6131
6156
6182
6207
6232
6259
6288
6313
6339
6362
6383
6406
6429
6450
6471
6491
6513
6535
6551
6569
6587
6610
6620
6630
6637
6650
6663
6682
6700
6709
6723
6739
6751
6762
6774
6785
6793
6804
6815
6824
6832
6843
6854
6860
6867
6875
6885
6895
6908
6918
6928
6943
6955
6963
6970
6976
6984
6992
7002
7014
7023
7033
7043
7053
7063
7077
7094
7105
7117
7134
7150
7161
7173
7188
7201
7216
7226
7238
7250
7263
7276
7289
7301
7315
7329
7341
7355
7371
7381
7392
7408
7421
7437
7452
7465
7480
7493
7504
7519
7531
7548
7567
7587
7604
7622
7638
7654
7667
7682
7696
7711
7723
7739
7757
7775
7794
7811
7822
7840
7854
7868
7884
7900
7921
7937
7953
7974
7998
8019
8039
8061
8082
8103
8127
8149
8170
8191
8208
8231
8252
8274
8299
8315
8334
8355
8374
8393
8410
8429
8446
8468
8488
8510
8533
8556
8581
8603
8621
8642
8662
8681
8703
8725
8748
8773
8797
8821
8842
8862
8883
8905
8928
8955
8980
9005
9031
9060
9087
9110
9137
9167
9195
9221
9250
9279
9305
9329
9353
9374
9395
9416
9435
9455
9473
9490
9509
9525
9540
9557
9576
9592
9607
9607
9607
9607
9607
9607
9607
9607
9607
9607
9607
9607
9607
9607
9607
9607
9607
9607
9607
9607
9607
9607
9607
9607
9607
9607
9607
9607
9607
9607
9607
9607
9607
9607
9607
9607
9607
9607
9607
9607
9607
9607
9607
9607
9607
9607
9607
9607
9607
9607
9607
9607
9607
9607
9607
9607
9607
9607
9607
9607
9607
9607
9607
9607
9607
9607
9607
9607
9607
9607
9607
9607
9607
9607
9607
9607
9607
9607
9607
9607
9607
9607
9607
9607
9607
9607
9607
9607
9607
9607
9607
9607
9607
9607
9607
9607
9607
9607
9607
9607
9607
9607
9607
9607
9607
9607
9607
9607
9607
9607
9607
9607
9607
9607
9607
9607
9607
9607
9607
9607
9607
9607
9607
9607
9607
9607
9607
9607
9607
9607
9607
9607
9607
9607
9607
9607
9607
9607
9607
9607
9607
9607
9607
9607
9607
9607
9607
9607
9607
9607
9607
9623
9623
9623
9628
9632
9632
9634
9636
9640
9642
9645
9646
9649
9653
9656
9658
9660
9663
9666
9668
9672
9678
9683
9688
9693
9699
9707
9715
9724
9733
9739
9745
9749
9754
9757
9761
9767
9775
9782
9788
9792
9793
9796
9799
9805
9808
9812
9817
9821
9822
9824
9826
9829
9833
9836
9840
9844
9850
9856
9859
9861
9864
9870
9874
9876
9879
9884
9888
9892
9893
9894
9895
9898
9900
9904
9910
9914
9917
9921
9925
9930
9934
9937
9941
9945
9948
9952
9957
9959
9960
9962
9970
9976
9983
9987
9992
9997
10001
10005
10010
10016
10023
10030
10034
10040
10048
10053
10056
10060
10064
10069
10074
10078
10084
10089
10093
10095
10097
10098
10102
10104
10105
10107
10110
10110
10110
10110
10111
10113
10117
10118
10120
10122
10125
10130
10135
10141
10147
10150
10153
10155
10162
10167
10172
10176
10180
10184
10188
10192
10196
10254
10260
10263
10281
10311
10324
10334
10356
10383
10404
10425
10446
10471
10490
10511
10528
10551
10566
10587
10608
10631
10655
10681
10707
10734
10759
10774
10796
10810
10826
10847
10866
10892
10914
10931
10952
10977
10999
11025
11048
11071
11094
11118
11143
11169
11193
11219
11238
11258
11282
11304
11325
11343
11370
11393
11420
11443
11465
11484
11505
11522
11539
11557
11577
11593
11609
11628
11647
11667
11687
11714
11737
11760
11779
11802
11823
11846
11870
11890
11910
11930
11952
11972
11987
11997
12008
12022
12039
12056
12079
12097
12115
12134
12150
12167
12185
12203
12223
12246
12267
12287
12304
12321
12341
12360
12380
12397
12417
12440
12460
12479
12499
12522
12542
12563
12582
12597
12614
12632
12654
12674
12690
12707
12724
12742
12755
12771
12786
12807
12825
12848
12872
12893
12915
12932
12950
12966
12978
12994
13006
13015
13026
13040
13054
13066
13080
13096
13114
13132
13146
13154
13161
13175
13189
13203
13213
13222
13232
13241
13248
13257
13268
13278
13288
13298
13310
13318
13326
13340
13355
13371
13386
13398
13408
13413
13423
13435
13448
13464
13482
13496
13510
13522
13531
13539
13550
13560
13572
13583
13596
13605
13617
13631
13645
13659
13672
13682
13695
13707
13719
13730
13742
13751
13763
13776
13790
13806
13822
13836
13853
13864
13879
13892
13908
13926
13942
13960
13980
13998
14014
14028
14037
14048
14059
14072
14082
14092
14105
14118
14127
14138
14146
14155
14166
14179
14191
14206
14223
14240
14260
14274
14288
14304
14313
14324
14335
14347
14359
14369
14379
14390
14402
14416
14430
14444
14461
14475
14490
14502
14514
14526
14539
14552
14566
14579
14592
14604
14614
14626
14636
14650
14662
14672
14680
14690
14697
14703
14710
14718
14727
14736
14748
14760
14777
14792
14810
14829
14846
14864
14880
14895
14910
14922
14934
14945
14956
14970
14982
14993
15004
15004
15004
15004
15004
15004
15004
15004
15004
15004
15004
15004
15004
15004
15004
15004
15004
15004
15004
15004
15004
15004
15004
15004
15004
15004
15004
15004
15004
15004
15004
15004
15004
15004
15004
15004
15004
15004
15004
15004
15004
15004
15004
15004
15004
15004
15004
15004
15004
15004
15004
15004
15004
15004
15004
15004
15004
15004
15004
15004
15004
15004
15004
15004
15004
15004
15004
15004
15004
15004
15004
15004
15004
15004
15004
15004
15004
15004
15004
15004
15004
15004
15004
15004
15004
15004
15004
15004
15004
15004
15004
15004
15004
15004
15004
15004
15004
15004
15004
15004
15004
15004
15004
15004
15004
15004
15004
15004
15004
15004
15004
15004
15004
15004
15004
15004
15004
15004
15004
15004
15004
15004
15004
15004
15004
15004
15004
15004
15004
15004
15004
15004
15004
15004
15004
15004
15004
15004
15004
15004
15004
15004
15004
15004
15004
15004
15004
15004
15004
15004
15004
15020
15020
15020
15023
15023
15024
15025
15026
15028
15029
15030
15031
15032
15035
15036
15036
15038
15039
15040
15042
15042
15043
15050
15056
15068
15081
15091
15100
15108
15114
15120
15128
15136
15141
15145
15149
15150
15154
15157
15162
15167
15169
15173
15176
15177
15179
15179
15179
15180
15182
15184
15188
15191
15193
15199
15206
15209
15211
15214
15219
15223
15227
15230
15231
15235
15240
15243
15245
15247
15247
15248
15249
15249
15251
15254
15256
15258
15260
15263
15266
15270
15275
15280
15285
15289
15292
15301
15305
15310
15314
15319
15327
15333
15339
15343
15348
15352
15355
15357
15360
15363
15367
15370
15372
15374
15377
15380
15383
15388
15395
15399
15401
15404
15408
15412
15416
15419
15423
15426
15428
15432
15435
15438
15443
15448
15452
15455
15459
15461
15462
15464
15467
15467
15467
15467
15467
15467
15471
15474
15477
15482
15488
15492
15496
15499
15503
15505
15508
15511
15513
15583
15587
15592
15621
15659
15671
15688
15715
15736
15758
15777
15801
15821
15844
15868
15890
15914
15932
15955
15970
15994
16015
16034
16053
16077
16096
16113
16132
16156
16179
16202
16218
16231
16246
16256
16280
16299
16325
16351
16364
16380
16396
16409
16424
16443
16458
16472
16487
16501
16518
16542
16565
16589
16611
16626
16636
16649
16666
16682
16696
16714
16736
16758
16773
16792
16813
16832
16850
16866
16882
16894
16913
16939
16967
16994
17009
17022
17037
17051
17071
17091
17111
17133
17158
17178
17193
17214
17234
17255
17276
17299
17322
17344
17362
17376
17395
17418
17438
17460
17483
17503
17528
17556
17585
17611
17633
17650
17668
17687
17707
17730
17752
17775
17796
17815
17833
17853
17877
17897
17916
17925
17937
17951
17968
17978
17992
18004
18016
18031
18046
18056
18067
18087
18104
18116
18128
18142
18156
18167
18175
18182
18192
18205
18219
18229
18241
18255
18271
18284
18299
18313
18325
18343
18358
18370
18382
18394
18406
18425
18442
18456
18468
18484
18501
18523
18539
18554
18568
18576
18584
18592
18603
18614
18623
18634
18647
18661
18670
18682
18695
18706
18720
18729
18737
18751
18763
18776
18791
18803
18813
18823
18836
18851
18866
18889
18912
18929
18946
18963
18980
18999
19018
19037
19055
19073
19092
19106
19121
19138
19154
19160
19171
19186
19204
19219
19237
19251
19269
19284
19298
19313
19321
19336
19349
19367
19384
19399
19415
19432
19447
19463
19479
19489
19503
19515
19531
19544
19561
19578
19597
19613
19631
19648
19662
19677
19688
19703
19714
19721
19734
19746
19757
19770
19783
19796
19816
19828
19840
19851
19862
19874
19887
19899
19913
19930
19950
19967
19986
20003
20015
20030
20045
20059
20078
20096
20113
20131
20150
20166
20183
20197
20212
20228
20248
20267
20285
20302
20322
20342
20363
20380
20399
20420
20439
20455
20469
20487
20504
20520
20534
20534
20534
20534
20534
20534
20534
20534
20534
20534
20534
20534
20534
20534
20534
20534
20534
20534
20534
20534
20534
20534
20534
20534
20534
20534
20534
20534
20534
20534
20534
20534
20534
20534
20534
20534
20534
20534
20534
20534
20534
20534
20534
20534
20534
20534
20534
20534
20534
20534
20534
20534
20534
20534
20534
20534
20534
20534
20534
20534
20534
20534
20534
20534
20534
20534
20534
20534
20534
20534
20534
20534
20534
20534
20534
20534
20534
20534
20534
20534
20534
20534
20534
20534
20534
20534
20534
20534
20534
20534
20534
20534
20534
20534
20534
20534
20534
20534
20534
20534
20534
20534
20534
20534
20534
20534
20534
20534
20534
20534
20534
20534
20534
20534
20534
20534
20534
20534
20534
20534
20534
20534
20534
20534
20534
20534
20534
20534
20534
20534
20534
20534
20534
20534
20534
20534
20534
20534
20534
20534
20534
20534
20534
20534
20534
20534
20534
20534
20534
20534
20534
20552
20552
20552
20553
20554
20555
20555
20557
20558
20559
20560
20561
20561
20562
20564
20565
20565
20565
20566
20568
20570
20572
20575
20579
20585
20595
20602
20610
20618
20625
20635
20642
20649
20651
20652
20655
20659
20661
20662
20664
20667
20671
20677
20680
20683
20686
20690
20695
20699
20701
20704
20706
20707
20708
20711
20715
20721
20722
20723
20723
20725
20730
20734
20736
20739
20739
20740
20741
20748
20752
20757
20759
20761
20763
20765
20768
20769
20773
20776
20780
20783
20786
20790
20797
20803
20807
20810
20815
20820
20825
20828
20832
20836
20841
20846
20852
20855
20859
20862
20864
20868
20871
20872
20874
20877
20878
20881
20882
20885
20889
20892
20894
20896
20898
20899
20901
20902
20902
20903
20903
20903
20904
20908
20914
20919
20924
20929
20933
20937
20941
20946
20950
20951
20954
20958
20961
20963
20966
20968
20970
20973
20975
20976
20978
20980
20982
20983
20984
20988
20993
21065
21068
21070
21094
21135
21148
21162
21192
21217
21236
21262
21283
21307
21328
21352
21377
21400
21426
21446
21466
21486
21509
21531
21562
21583
21608
21635
21661
21678
21697
21717
21739
21761
21779
21795
21805
21828
21854
21873
21892
21913
21939
21966
21987
22007
22026
22047
22066
22091
22114
22137
22160
22182
22209
22236
22265
22294
22316
22330
22351
22374
22409
22446
22476
22503
22532
22562
22587
22611
22641
22664
22695
22731
22763
22793
22818
22843
22869
22893
22914
22940
22968
22996
23028
23056
23079
23108
23132
23156
23179
23203
23231
23261
23290
23312
23338
23366
23396
23424
23451
23475
23500
23523
23544
23567
23593
23623
23652
23682
23715
23741
23766
23788
23809
23829
23847
23863
23880
23903
23926
23941
23957
23972
23987
24001
24016
24031
24045
24060
24074
24084
24096
24106
24116
24125
24136
24152
24165
24178
24196
24214
24228
24241
24254
24265
24277
24286
24298
24316
24333
24350
