212
205
200
193
193
197
199
201
203
205
205
203
200
195
189
191
193
193
194
194
196
195
193
191
189
188
191
190
189
191
192
191
189
193
191
193
190
195
195
194
196
197
199
201
199
198
200
199
198
197
196
192
192
188
194
195
192
189
189
189
193
194
194
194
195
193
192
197
198
199
197
198
198
197
197
196
192
193
196
196
197
198
197
195
194
190
190
192
194
194
192
188
185
188
191
189
189
191
190
188
186
186
186
187
185
183
184
182
182
181
183
180
181
185
185
184
185
184
184
183
181
183
185
184
182
180
180
181
180
181
184
182
182
184
182
180
180
181
181
179
178
179
178
176
176
178
173
172
173
176
0
0
0
0
0
0
0
0
0
0
0
0
0
0
0
0
0
0
0
0
0
0
0
0
0
0
0
0
0
0
0
0
0
0
0
0
0
0
0
0
0
0
0
0
0
0
0
0
0
0
0
0
0
0
0
0
0
0
0
0
0
0
0
0
0
0
0
0
0
0
0
0
0
0
0
0
0
0
0
0
0
0
0
0
0
0
0
0
0
0
0
0
0
0
0
0
0
0
0
0
0
0
0
0
0
0
0
0
0
0
0
0
0
0
0
0
0
0
0
0
0
0
0
0
0
0
0
0
0
0
0
0
0
0
0
0
0
0
0
0
0
0
0
0
0
0
0
0
0
0
0
0
0
0
0
0
0
0
0
0
0
0
0
0
0
0
0
0
0
0
0
0
0
0
0
0
0
0
0
0
0
0
0
0
0
0
0
0
0
0
0
0
0
0
0
0
0
0
0
0
0
0
0
0
0
0
0
0
0
0
0
0
0
0
0
0
0
0
0
0
0
0
0
0
0
0
0
0
0
0
0
0
0
0
0
0
0
0
0
0
0
0
0
0
0
0
0
0
0
0
0
0
0
0
0
0
0
0
0
0
0
0
0
0
0
0
0
0
0
0
0
0
0
0
0
0
0
0
0
0
0
0
0
0
0
0
0
0
0
0
0
0
0
0
0
0
0
0
0
0
171
160
161
165
169
174
174
172
171
169
168
169
171
174
174
174
174
174
172
172
176
177
174
176
175
173
173
172
170
172
178
178
179
184
184
179
178
182
182
182
183
182
182
187
190
191
191
191
193
194
195
193
193
197
192
194
198
198
198
198
195
192
194
196
197
198
198
197
198
196
197
195
195
192
195
201
203
203
201
200
198
199
197
200
199
201
197
201
201
200
200
201
201
202
201
204
210
212
212
212
210
214
213
213
213
215
213
215
215
211
210
209
208
209
211
209
206
207
206
206
203
203
201
204
202
198
199
199
194
194
194
193
193
189
188
188
186
182
181
181
183
181
180
178
175
174
175
175
172
174
174
173
172
169
164
165
164
162
164
164
161
159
159
161
160
164
162
161
161
160
161
158
156
154
155
154
155
153
150
150
150
151
152
151
151
149
146
146
145
142
143
142
145
144
142
140
141
140
141
139
140
139
136
139
139
139
142
144
145
144
144
141
144
144
146
150
152
154
155
156
156
155
158
157
156
158
159
158
158
158
157
156
156
157
158
160
161
161
161
160
157
157
160
161
164
162
163
167
169
166
167
166
170
170
170
172
174
176
180
181
184
183
181
183
186
187
189
193
194
195
193
195
196
201
201
202
202
203
201
199
199
199
204
205
203
203
207
208
206
205
205
205
205
206
205
204
202
200
202
202
0
0
0
0
0
0
0
0
0
0
0
0
0
0
0
0
0
0
0
0
0
0
0
0
0
0
0
0
0
0
0
0
0
0
0
0
0
0
0
0
0
0
0
0
0
0
0
0
0
0
0
0
0
0
0
0
0
0
0
0
0
0
0
0
0
0
0
0
0
0
0
0
0
0
0
0
0
0
0
0
0
0
0
0
0
0
0
0
0
0
0
0
0
0
0
0
0
0
0
0
0
0
0
0
0
0
0
0
0
0
0
0
0
0
0
0
0
0
0
0
0
0
0
0
0
0
0
0
0
0
0
0
0
0
0
0
0
0
0
0
0
0
0
0
0
0
0
0
0
0
0
0
0
0
0
0
0
0
0
0
0
0
0
0
0
0
0
0
0
0
0
0
0
0
0
0
0
0
0
0
0
0
0
0
0
0
0
0
0
0
0
0
0
0
0
0
0
0
0
0
0
0
0
0
0
0
0
0
0
0
0
0
0
0
0
0
0
0
0
0
0
0
0
0
0
0
0
0
0
0
0
0
0
0
0
0
0
0
0
0
0
0
0
0
0
0
0
0
0
0
0
0
0
0
0
0
0
0
0
0
0
0
0
0
0
0
0
0
0
0
0
0
0
0
0
0
0
0
0
0
0
0
0
0
0
0
0
0
0
0
0
0
0
0
0
0
0
0
0
0
200
186
187
191
195
196
198
190
190
189
193
194
194
194
196
197
197
198
199
201
202
201
198
200
200
199
202
201
204
204
206
207
207
209
207
210
210
210
211
212
217
217
218
218
219
219
219
219
218
218
219
219
219
220
219
216
216
214
214
214
220
220
218
217
219
220
220
221
223
225
224
225
224
227
227
228
226
231
235
236
237
234
238
240
238
239
241
240
244
247
244
242
242
242
243
246
246
249
249
244
244
243
242
244
245
242
242
240
242
245
244
244
242
243
241
239
241
243
244
242
242
239
243
243
244
245
244
241
242
240
240
243
248
250
245
242
239
238
241
241
244
246
247
248
245
246
246
246
245
245
249
249
249
254
253
253
251
253
251
251
252
254
254
252
252
251
250
250
252
250
249
249
249
252
247
244
245
244
240
240
240
237
234
236
237
238
235
238
238
236
237
238
235
236
239
237
237
236
237
235
235
237
240
239
239
240
239
240
239
243
244
242
244
243
241
240
239
239
240
242
243
247
247
243
247
248
247
248
249
248
248
250
248
249
248
248
248
248
246
242
242
241
240
240
236
235
237
233
230
227
228
226
232
234
236
234
230
228
227
229
230
234
235
234
232
233
235
237
239
238
237
242
240
242
243
243
244
244
243
242
246
244
242
243
246
244
242
245
244
242
244
244
245
242
239
239
239
239
240
240
0
0
0
0
0
0
0
0
0
0
0
0
0
0
0
0
0
0
0
0
0
0
0
0
0
0
0
0
0
0
0
0
0
0
0
0
0
0
0
0
0
0
0
0
0
0
0
0
0
0
0
0
0
0
0
0
0
0
0
0
0
0
0
0
0
0
0
0
0
0
0
0
0
0
0
0
0
0
0
0
0
0
0
0
0
0
0
0
0
0
0
0
0
0
0
0
0
0
0
0
0
0
0
0
0
0
0
0
0
0
0
0
0
0
0
0
0
0
0
0
0
0
0
0
0
0
0
0
0
0
0
0
0
0
0
0
0
0
0
0
0
0
0
0
0
0
0
0
0
0
0
0
0
0
0
0
0
0
0
0
0
0
0
0
0
0
0
0
0
0
0
0
0
0
0
0
0
0
0
0
0
0
0
0
0
0
0
0
0
0
0
0
0
0
0
0
0
0
0
0
0
0
0
0
0
0
0
0
0
0
0
0
0
0
0
0
0
0
0
0
0
0
0
0
0
0
0
0
0
0
0
0
0
0
0
0
0
0
0
0
0
0
0
0
0
0
0
0
0
0
0
0
0
0
0
0
0
0
0
0
0
0
0
0
0
0
0
0
0
0
0
0
0
0
0
0
0
0
0
0
0
0
0
0
0
0
0
0
0
0
0
0
0
0
0
0
0
0
0
0
241
227
230
230
236
243
245
246
242
241
242
244
246
243
242
241
240
242
241
240
240
241
236
234
232
233
233
232
235
233
235
235
234
237
240
241
241
242
237
240
243
245
244
243
241
241
242
242
241
239
241
241
240
239
243
245
245
244
243
240
240
243
241
242
243
240
240
241
241
243
241
241
241
241
239
238
240
237
236
239
240
240
239
240
238
233
231
231
233
233
233
231
229
231
232
232
233
232
229
228
227
227
227
228
232
229
228
230
233
231
233
237
235
234
236
239
236
239
240
240
237
242
244
246
246
246
249
247
246
244
244
250
251
253
251
250
250
250
250
251
253
252
252
255
250
251
250
250
252
252
252
249
250
247
248
247
247
245
248
249
249
251
250
251
250
250
252
250
251
250
251
249
248
247
248
250
253
251
251
254
252
253
254
252
252
253
253
254
253
254
256
252
251
248
245
245
247
249
251
251
253
252
248
248
246
249
247
246
245
242
243
244
243
241
244
247
246
244
242
240
237
238
238
237
242
241
237
240
239
239
235
237
237
235
232
233
234
232
230
228
231
233
230
231
229
230
229
231
227
228
230
231
230
231
233
228
227
226
228
231
232
235
231
231
231
229
228
227
225
227
227
224
223
223
225
222
222
226
227
228
227
226
225
226
227
227
231
229
229
228
227
229
228
229
229
233
233
233
232
234
0
0
0
0
0
0
0
0
0
0
0
0
0
0
0
0
0
0
0
0
0
0
0
0
0
0
0
0
0
0
0
0
0
0
0
0
0
0
0
0
0
0
0
0
0
0
0
0
0
0
0
0
0
0
0
0
0
0
0
0
0
0
0
0
0
0
0
0
0
0
0
0
0
0
0
0
0
0
0
0
0
0
0
0
0
0
0
0
0
0
0
0
0
0
0
0
0
0
0
0
0
0
0
0
0
0
0
0
0
0
0
0
0
0
0
0
0
0
0
0
0
0
0
0
0
0
0
0
0
0
0
0
0
0
0
0
0
0
0
0
0
0
0
0
0
0
0
0
0
0
0
0
0
0
0
0
0
0
0
0
0
0
0
0
0
0
0
0
0
0
0
0
0
0
0
0
0
0
0
0
0
0
0
0
0
0
0
0
0
0
0
0
0
0
0
0
0
0
0
0
0
0
0
0
0
0
0
0
0
0
0
0
0
0
0
0
0
0
0
0
0
0
0
0
0
0
0
0
0
0
0
0
0
0
0
0
0
0
0
0
0
0
0
0
0
0
0
0
0
0
0
0
0
0
0
0
0
0
0
0
0
0
0
0
0
0
0
0
0
0
0
0
0
0
0
0
0
0
0
0
0
0
0
0
0
0
0
0
0
0
0
0
0
0
0
0
0
0
0
0
234
219
220
221
223
224
226
225
223
223
227
227
228
228
228
226
225
229
228
229
229
225
225
228
230
229
231
233
239
239
237
233
237
238
240
236
237
236
239
239
242
243
242
243
245
245
245
242
241
242
244
243
240
239
243
245
245
241
242
239
241
240
241
244
248
247
247
247
247
248
250
250
252
256
258
257
256
254
255
257
258
258
253
255
254
255
255
255
252
253
253
255
252
252
249
249
248
249
247
249
249
248
250
248
245
245
246
245
246
248
248
247
246
242
243
242
242
243
240
241
245
243
242
240
243
244
245
244
245
246
247
245
244
245
245
245
240
240
243
241
246
249
248
247
244
243
241
238
240
245
244
