0 
0 
0 
0 
0 
0 
0 
0 
0 
0 
0 
0 
0 
0 
0 
0 
0 
0 
0 
0 
0 
0 
0 
0 
0 
0 
0 
0 
0 
0 
0 
0 
0 
0 
0 
0 
0 
0 
0 
0 
0 
0 
0 
0 
0 
0 
0 
0 
0 
0 
0 
0 
0 
0 
0 
0 
0 
0 
0 
0 
0 
0 
0 
0 
0 
0 
0 
0 
0 
0 
12 
11 
11 
12 
11 
12 
12 
12 
13 
13 
13 
14 
14 
13 
13 
13 
13 
12 
11 
10 
10 
10 
9 
10 
10 
10 
10 
10 
11 
11 
13 
12 
13 
13 
12 
12 
12 
11 
12 
12 
12 
14 
14 
14 
13 
12 
12 
12 
12 
12 
12 
12 
11 
12 
12 
11 
10 
10 
10 
11 
11 
11 
11 
11 
11 
11 
11 
12 
13 
13 
13 
14 
14 
13 
13 
13 
12 
11 
11 
12 
12 
12 
12 
12 
11 
11 
10 
10 
10 
9 
10 
10 
12 
12 
12 
12 
12 
12 
14 
15 
16 
16 
17 
18 
18 
18 
19 
18 
17 
16 
17 
17 
18 
18 
19 
20 
20 
20 
20 
22 
23 
25 
26 
26 
26 
26 
25 
25 
25 
26 
29 
29 
29 
29 
30 
29 
32 
32 
34 
36 
36 
36 
36 
38 
40 
40 
40 
43 
43 
45 
0 
0 
0 
0 
0 
0 
0 
0 
0 
0 
0 
0 
0 
0 
0 
0 
0 
0 
0 
0 
0 
0 
0 
0 
0 
0 
0 
0 
0 
0 
0 
0 
0 
0 
0 
0 
0 
0 
0 
0 
0 
0 
0 
0 
0 
0 
0 
0 
0 
0 
0 
0 
0 
0 
0 
0 
0 
0 
0 
0 
0 
0 
0 
0 
0 
0 
0 
0 
0 
0 
0 
0 
0 
0 
0 
0 
0 
0 
0 
0 
0 
0 
0 
0 
0 
0 
0 
0 
0 
0 
0 
0 
0 
0 
0 
0 
0 
0 
0 
0 
0 
0 
0 
0 
0 
0 
0 
0 
0 
0 
0 
0 
0 
0 
0 
0 
0 
0 
0 
0 
0 
0 
0 
0 
0 
0 
0 
0 
0 
0 
0 
0 
0 
0 
0 
0 
0 
0 
0 
0 
0 
0 
0 
0 
0 
0 
0 
0 
0 
0 
13 
12 
12 
12 
11 
11 
12 
11 
11 
11 
10 
10 
11 
12 
11 
11 
11 
13 
13 
13 
14 
14 
14 
14 
14 
13 
13 
13 
13 
12 
11 
11 
11 
11 
11 
11 
10 
10 
11 
11 
10 
9 
9 
9 
9 
9 
9 
9 
10 
10 
11 
11 
12 
12 
12 
12 
12 
11 
12 
12 
13 
13 
13 
12 
12 
11 
10 
10 
10 
10 
10 
11 
11 
10 
10 
10 
10 
10 
11 
12 
12 
12 
12 
12 
13 
14 
14 
15 
15 
14 
13 
14 
16 
16 
16 
16 
17 
18 
18 
19 
19 
21 
22 
22 
22 
23 
23 
23 
23 
23 
23 
23 
23 
22 
22 
23 
23 
23 
23 
23 
24 
25 
25 
25 
25 
25 
25 
25 
25 
25 
25 
25 
25 
25 
24 
25 
24 
23 
22 
22 
21 
22 
22 
22 
21 
21 
20 
20 
22 
24 
0 
0 
0 
0 
0 
0 
0 
0 
0 
0 
0 
0 
0 
0 
0 
0 
0 
0 
0 
0 
0 
0 
0 
0 
0 
0 
0 
0 
0 
0 
0 
0 
0 
0 
0 
0 
0 
0 
0 
0 
0 
0 
0 
0 
0 
0 
0 
0 
0 
0 
0 
0 
0 
0 
0 
0 
0 
0 
0 
0 
0 
0 
0 
0 
0 
0 
0 
0 
0 
0 
0 
0 
0 
0 
0 
0 
0 
0 
0 
0 
0 
0 
0 
0 
0 
0 
0 
0 
0 
0 
0 
0 
0 
0 
0 
0 
0 
0 
0 
0 
0 
0 
0 
0 
0 
0 
0 
0 
0 
0 
0 
0 
0 
0 
0 
0 
0 
0 
0 
0 
0 
0 
0 
0 
0 
0 
0 
0 
0 
0 
0 
0 
0 
0 
0 
0 
0 
0 
0 
0 
0 
0 
0 
0 
0 
0 
0 
0 
0 
0 
13 
12 
12 
12 
13 
13 
12 
12 
12 
14 
13 
12 
12 
12 
13 
13 
13 
12 
12 
12 
12 
12 
11 
13 
14 
14 
14 
14 
14 
14 
14 
14 
14 
14 
14 
14 
14 
14 
14 
13 
12 
12 
12 
12 
12 
12 
12 
12 
12 
12 
12 
12 
11 
11 
12 
12 
12 
12 
11 
10 
10 
12 
13 
13 
13 
13 
13 
13 
13 
13 
13 
13 
13 
12 
11 
11 
11 
10 
9 
8 
8 
8 
9 
10 
11 
11 
11 
13 
16 
17 
17 
17 
18 
19 
19 
19 
20 
20 
22 
22 
23 
22 
22 
22 
22 
23 
23 
25 
27 
28 
29 
30 
30 
31 
31 
30 
29 
28 
28 
28 
28 
29 
29 
29 
29 
31 
31 
32 
31 
31 
31 
33 
33 
34 
34 
35 
35 
34 
33 
33 
34 
34 
37 
39 
40 
39 
39 
39 
38 
37 
0 
0 
0 
0 
0 
0 
0 
0 
0 
0 
0 
0 
0 
0 
0 
0 
0 
0 
0 
0 
0 
0 
0 
0 
0 
0 
0 
0 
0 
0 
0 
0 
0 
0 
0 
0 
0 
0 
0 
0 
0 
0 
0 
0 
0 
0 
0 
0 
0 
0 
0 
0 
0 
0 
0 
0 
0 
0 
0 
0 
0 
0 
0 
0 
0 
0 
0 
0 
0 
0 
0 
0 
0 
0 
0 
0 
0 
0 
0 
0 
0 
0 
0 
0 
0 
0 
0 
0 
0 
0 
0 
0 
0 
0 
0 
0 
0 
0 
0 
0 
0 
0 
0 
0 
0 
0 
0 
0 
0 
0 
0 
0 
0 
0 
0 
0 
0 
0 
0 
0 
0 
0 
0 
0 
0 
0 
0 
0 
0 
0 
0 
0 
0 
0 
0 
0 
0 
0 
0 
0 
0 
0 
0 
0 
0 
0 
0 
0 
0 
0 
13 
12 
14 
14 
13 
13 
14 
14 
13 
13 
13 
14 
13 
13 
13 
12 
12 
12 
12 
12 
12 
11 
10 
11 
11 
12 
12 
11 
11 
11 
12 
12 
12 
12 
12 
13 
13 
13 
12 
12 
12 
11 
11 
11 
11 
12 
12 
12 
12 
12 
12 
13 
12 
11 
11 
11 
12 
12 
12 
12 
12 
12 
12 
12 
12 
12 
12 
12 
13 
13 
15 
16 
16 
16 
16 
15 
14 
13 
13 
13 
12 
12 
13 
13 
13 
15 
15 
14 
15 
16 
17 
17 
17 
17 
19 
19 
19 
20 
21 
20 
20 
20 
21 
22 
22 
22 
22 
22 
23 
23 
23 
23 
25 
25 
25 
24 
24 
27 
27 
29 
30 
30 
32 
32 
32 
32 
32 
31 
32 
33 
34 
35 
37 
38 
39 
40 
40 
40 
39 
38 
37 
36 
37 
37 
37 
37 
38 
40 
40 
39 
0 
0 
0 
0 
0 
0 
0 
0 
0 
0 
0 
0 
0 
0 
0 
0 
0 
0 
0 
0 
0 
0 
0 
0 
0 
0 
0 
0 
0 
0 
0 
0 
0 
0 
0 
0 
0 
0 
0 
0 
0 
0 
0 
0 
0 
0 
0 
0 
0 
0 
0 
0 
0 
0 
0 
0 
0 
0 
0 
0 
0 
0 
0 
0 
0 
0 
0 
0 
0 
0 
0 
0 
0 
0 
0 
0 
0 
0 
0 
0 
0 
0 
0 
0 
0 
0 
0 
0 
0 
0 
0 
0 
0 
0 
0 
0 
0 
0 
0 
0 
0 
0 
0 
0 
0 
0 
0 
0 
0 
0 
0 
0 
0 
0 
0 
0 
0 
0 
0 
0 
0 
0 
0 
0 
0 
0 
0 
0 
0 
0 
0 
0 
0 
0 
0 
0 
0 
0 
0 
0 
0 
0 
0 
0 
0 
0 
0 
0 
0 
0 
14 
13 
14 
14 
14 
13 
14 
14 
14 
14 
14 
14 
16 
15 
15 
15 
15 
15 
14 
13 
13 
13 
13 
12 
12 
12 
13 
13 
13 
13 
12 
12 
12 
12 
12 
12 
12 
12 
13 
13 
13 
13 
13 
13 
13 
12 
11 
10 
10 
11 
12 
12 
11 
11 
11 
11 
11 
12 
12 
11 
10 
9 
10 
12 
12 
12 
12 
12 
12 
12 
12 
14 
14 
14 
13 
12 
12 
11 
12 
12 
12 
12 
12 
12 
12 
13 
14 
14 
14 
14 
13 
13 
12 
12 
12 
12 
14 
14 
15 
15 
15 
15 
15 
16 
17 
18 
19 
18 
17 
18 
18 
19 
20 
21 
23 
24 
25 
24 
23 
23 
24 
26 
26 
26 
28 
28 
28 
28 
28 
28 
28 
27 
27 
27 
27 
28 
29 
29 
32 
32 
31 
31 
32 
32 
32 
35 
35 
38 
39 
39 
0 
0 
0 
0 
0 
0 
0 
0 
0 
0 
0 
0 
0 
0 
0 
0 
0 
0 
0 
0 
0 
0 
0 
0 
0 
0 
0 
0 
0 
0 
0 
