0 
0 
0 
0 
0 
0 
0 
0 
0 
0 
0 
0 
0 
0 
0 
0 
0 
0 
0 
0 
0 
0 
0 
0 
0 
0 
0 
0 
0 
0 
0 
0 
0 
0 
0 
0 
0 
0 
0 
0 
0 
0 
0 
0 
0 
0 
0 
0 
0 
0 
0 
0 
0 
0 
0 
0 
0 
0 
0 
0 
0 
0 
0 
0 
0 
0 
0 
0 
0 
0 
12 
13 
13 
13 
12 
12 
12 
12 
12 
12 
11 
12 
12 
11 
12 
11 
11 
11 
12 
12 
12 
12 
12 
12 
12 
12 
12 
13 
13 
13 
14 
14 
14 
14 
14 
14 
15 
14 
13 
12 
14 
14 
13 
13 
12 
12 
12 
12 
12 
12 
12 
11 
11 
11 
11 
11 
11 
10 
10 
10 
10 
10 
11 
12 
12 
12 
14 
14 
13 
12 
11 
12 
13 
13 
15 
15 
15 
16 
16 
15 
14 
13 
12 
11 
10 
10 
10 
10 
11 
11 
11 
11 
11 
11 
11 
11 
11 
11 
12 
12 
12 
12 
12 
11 
11 
12 
12 
12 
13 
14 
14 
14 
14 
16 
18 
20 
21 
20 
21 
20 
19 
19 
19 
19 
19 
20 
20 
20 
19 
18 
19 
20 
21 
21 
24 
24 
25 
26 
28 
28 
28 
28 
29 
30 
30 
30 
32 
32 
35 
37 
0 
0 
0 
0 
0 
0 
0 
0 
0 
0 
0 
0 
0 
0 
0 
0 
0 
0 
0 
0 
0 
0 
0 
0 
0 
0 
0 
0 
0 
0 
0 
0 
0 
0 
0 
0 
0 
0 
0 
0 
0 
0 
0 
0 
0 
0 
0 
0 
0 
0 
0 
0 
0 
0 
0 
0 
0 
0 
0 
0 
0 
0 
0 
0 
0 
0 
0 
0 
0 
0 
0 
0 
0 
0 
0 
0 
0 
0 
0 
0 
0 
0 
0 
0 
0 
0 
0 
0 
0 
0 
0 
0 
0 
0 
0 
0 
0 
0 
0 
0 
0 
0 
0 
0 
0 
0 
0 
0 
0 
0 
0 
0 
0 
0 
0 
0 
0 
0 
0 
0 
0 
0 
0 
0 
0 
0 
0 
0 
0 
0 
0 
0 
0 
0 
0 
0 
0 
0 
0 
0 
0 
0 
0 
0 
0 
0 
0 
0 
0 
0 
10 
10 
11 
11 
10 
12 
12 
11 
12 
12 
11 
11 
11 
11 
10 
11 
11 
11 
13 
13 
13 
13 
13 
13 
13 
14 
13 
13 
12 
12 
12 
13 
12 
12 
11 
11 
11 
11 
11 
12 
13 
13 
13 
13 
14 
15 
15 
15 
15 
14 
13 
12 
12 
12 
13 
12 
12 
12 
12 
13 
13 
13 
13 
13 
13 
13 
13 
13 
12 
12 
13 
14 
14 
14 
14 
13 
12 
11 
10 
10 
10 
10 
11 
12 
13 
12 
11 
11 
11 
11 
11 
10 
10 
12 
12 
14 
14 
14 
15 
16 
16 
16 
15 
16 
17 
19 
19 
20 
21 
22 
22 
22 
22 
22 
22 
22 
21 
20 
20 
20 
21 
22 
23 
24 
23 
22 
21 
23 
24 
24 
24 
25 
26 
26 
26 
27 
28 
28 
28 
29 
32 
33 
33 
33 
34 
35 
35 
36 
36 
37 
0 
0 
0 
0 
0 
0 
0 
0 
0 
0 
0 
0 
0 
0 
0 
0 
0 
0 
0 
0 
0 
0 
0 
0 
0 
0 
0 
0 
0 
0 
0 
0 
0 
0 
0 
0 
0 
0 
0 
0 
0 
0 
0 
0 
0 
0 
0 
0 
0 
0 
0 
0 
0 
0 
0 
0 
0 
0 
0 
0 
0 
0 
0 
0 
0 
0 
0 
0 
0 
0 
0 
0 
0 
0 
0 
0 
0 
0 
0 
0 
0 
0 
0 
0 
0 
0 
0 
0 
0 
0 
0 
0 
0 
0 
0 
0 
0 
0 
0 
0 
0 
0 
0 
0 
0 
0 
0 
0 
0 
0 
0 
0 
0 
0 
0 
0 
0 
0 
0 
0 
0 
0 
0 
0 
0 
0 
0 
0 
0 
0 
0 
0 
0 
0 
0 
0 
0 
0 
0 
0 
0 
0 
0 
0 
0 
0 
0 
0 
0 
0 
13 
13 
14 
13 
13 
13 
13 
12 
12 
12 
12 
11 
13 
12 
12 
12 
12 
11 
11 
11 
11 
11 
12 
12 
12 
11 
11 
11 
12 
12 
12 
13 
13 
13 
13 
13 
13 
13 
13 
13 
12 
11 
12 
11 
11 
11 
13 
14 
13 
12 
13 
13 
13 
13 
14 
14 
14 
16 
16 
16 
16 
16 
16 
17 
17 
17 
17 
16 
16 
16 
16 
16 
15 
14 
13 
12 
12 
14 
14 
14 
15 
15 
15 
15 
15 
15 
16 
16 
16 
15 
15 
16 
18 
18 
20 
19 
19 
19 
19 
18 
17 
16 
16 
16 
17 
18 
19 
21 
21 
21 
21 
21 
21 
21 
22 
23 
23 
23 
24 
24 
25 
26 
28 
28 
28 
29 
29 
29 
29 
31 
31 
30 
29 
28 
27 
26 
25 
24 
25 
25 
26 
26 
26 
26 
27 
28 
28 
28 
29 
30 
0 
0 
0 
0 
0 
0 
0 
0 
0 
0 
0 
0 
0 
0 
0 
0 
0 
0 
0 
0 
0 
0 
0 
0 
0 
0 
0 
0 
0 
0 
0 
0 
0 
0 
0 
0 
0 
0 
0 
0 
0 
0 
0 
0 
0 
0 
0 
0 
0 
0 
0 
0 
0 
0 
0 
0 
0 
0 
0 
0 
0 
0 
0 
0 
0 
0 
0 
0 
0 
0 
0 
0 
0 
0 
0 
0 
0 
0 
0 
0 
0 
0 
0 
0 
0 
0 
0 
0 
0 
0 
0 
0 
0 
0 
0 
0 
0 
0 
0 
0 
0 
0 
0 
0 
0 
0 
0 
0 
0 
0 
0 
0 
0 
0 
0 
0 
0 
0 
0 
0 
0 
0 
0 
0 
0 
0 
0 
0 
0 
0 
0 
0 
0 
0 
0 
0 
0 
0 
0 
0 
0 
0 
0 
0 
0 
0 
0 
0 
0 
0 
11 
11 
11 
12 
11 
12 
12 
12 
12 
12 
12 
11 
11 
11 
11 
11 
11 
11 
11 
11 
11 
12 
11 
10 
10 
10 
11 
12 
12 
12 
11 
