1 
2 
2 
2 
2 
2 
2 
3 
3 
3 
3 
3 
3 
4 
4 
4 
4 
4 
5 
6 
6 
6 
6 
6 
6 
6 
6 
6 
7 
7 
7 
7 
7 
8 
9 
9 
9 
9 
9 
9 
9 
9 
9 
10 
11 
11 
12 
12 
12 
12 
12 
12 
12 
12 
12 
12 
12 
12 
12 
12 
13 
14 
14 
14 
14 
14 
14 
14 
14 
14 
14 
15 
16 
16 
16 
16 
16 
16 
16 
16 
16 
16 
16 
16 
17 
18 
19 
19 
19 
19 
19 
19 
19 
19 
19 
19 
19 
19 
19 
19 
19 
19 
19 
19 
19 
19 
19 
19 
19 
19 
19 
19 
19 
19 
19 
19 
19 
19 
19 
19 
20 
20 
20 
20 
20 
20 
20 
20 
21 
21 
22 
23 
24 
25 
26 
26 
26 
26 
26 
26 
26 
26 
26 
26 
26 
26 
26 
26 
26 
26 
26 
26 
26 
26 
26 
26 
26 
26 
26 
26 
26 
26 
26 
26 
26 
26 
26 
26 
26 
26 
26 
26 
26 
26 
26 
26 
26 
26 
26 
26 
26 
26 
26 
26 
26 
26 
26 
26 
26 
26 
26 
26 
26 
26 
26 
26 
26 
26 
26 
26 
26 
26 
26 
26 
26 
26 
26 
26 
26 
26 
26 
26 
26 
26 
26 
26 
26 
26 
26 
26 
26 
26 
26 
26 
26 
26 
26 
26 
26 
26 
26 
26 
26 
26 
26 
26 
26 
26 
26 
26 
26 
26 
26 
26 
26 
26 
26 
26 
26 
26 
26 
26 
26 
26 
26 
26 
26 
26 
26 
26 
26 
26 
26 
26 
26 
26 
26 
26 
26 
26 
26 
26 
26 
26 
26 
26 
26 
26 
26 
26 
26 
26 
26 
26 
26 
26 
26 
26 
26 
26 
26 
26 
26 
26 
26 
26 
26 
26 
26 
26 
26 
27 
27 
27 
27 
27 
27 
27 
28 
29 
29 
29 
29 
29 
29 
29 
29 
29 
29 
29 
30 
31 
32 
33 
33 
33 
33 
33 
33 
33 
33 
33 
33 
33 
33 
33 
33 
33 
33 
33 
33 
33 
33 
33 
33 
33 
33 
33 
33 
33 
33 
33 
33 
33 
33 
33 
33 
33 
33 
33 
33 
33 
33 
33 
33 
33 
33 
33 
33 
33 
33 
33 
33 
33 
33 
33 
33 
33 
33 
33 
33 
33 
33 
33 
33 
33 
33 
33 
33 
33 
33 
33 
33 
33 
33 
33 
33 
33 
33 
33 
33 
33 
33 
33 
33 
33 
33 
33 
33 
33 
33 
33 
33 
33 
33 
33 
33 
33 
33 
33 
33 
33 
33 
33 
33 
33 
33 
33 
33 
33 
33 
33 
33 
33 
33 
33 
33 
33 
33 
33 
33 
33 
33 
33 
33 
33 
33 
33 
33 
33 
33 
34 
34 
34 
34 
34 
34 
35 
35 
35 
36 
36 
37 
37 
37 
37 
37 
38 
38 
38 
38 
39 
39 
39 
40 
40 
40 
40 
40 
40 
40 
41 
42 
43 
44 
45 
46 
47 
48 
49 
50 
51 
52 
53 
54 
55 
56 
57 
58 
59 
60 
61 
62 
63 
64 
65 
66 
67 
68 
69 
70 
71 
72 
73 
74 
75 
76 
77 
78 
79 
80 
81 
82 
83 
84 
85 
86 
87 
88 
89 
90 
91 
92 
93 
94 
95 
96 
97 
98 
99 
100 
101 
102 
103 
104 
105 
106 
107 
108 
109 
110 
111 
112 
113 
114 
115 
116 
117 
118 
119 
120 
121 
122 
123 
124 
125 
126 
127 
128 
129 
130 
131 
132 
133 
134 
135 
136 
137 
138 
139 
140 
141 
142 
143 
144 
145 
146 
147 
148 
149 
150 
151 
152 
153 
154 
155 
156 
157 
158 
159 
160 
160 
160 
160 
160 
160 
160 
160 
160 
160 
160 
161 
162 
162 
162 
162 
162 
162 
162 
162 
162 
162 
162 
162 
162 
162 
162 
162 
162 
162 
162 
162 
162 
162 
162 
162 
162 
162 
162 
162 
162 
162 
162 
162 
162 
162 
163 
163 
163 
163 
163 
163 
164 
165 
166 
167 
168 
169 
170 
171 
172 
173 
174 
175 
176 
177 
178 
179 
180 
181 
182 
183 
184 
185 
186 
187 
188 
189 
190 
191 
192 
193 
194 
195 
196 
197 
198 
199 
200 
201 
202 
203 
204 
205 
206 
207 
208 
209 
210 
211 
212 
213 
214 
215 
216 
217 
218 
219 
220 
221 
222 
223 
224 
225 
226 
227 
228 
229 
230 
231 
232 
233 
234 
235 
236 
237 
238 
239 
240 
241 
242 
243 
244 
245 
246 
247 
248 
249 
250 
251 
252 
253 
254 
255 
256 
257 
258 
259 
260 
261 
262 
262 
262 
262 
262 
262 
262 
262 
262 
262 
262 
262 
262 
262 
262 
262 
262 
262 
262 
262 
262 
262 
262 
262 
262 
262 
262 
262 
262 
262 
262 
262 
262 
262 
262 
262 
262 
262 
262 
262 
262 
262 
262 
262 
262 
262 
262 
262 
262 
262 
262 
262 
262 
262 
262 
262 
262 
262 
262 
262 
262 
262 
262 
262 
262 
262 
262 
262 
262 
262 
262 
262 
262 
262 
262 
262 
262 
262 
262 
262 
262 
262 
262 
262 
262 
262 
262 
262 
262 
262 
262 
262 
262 
262 
262 
262 
262 
262 
262 
262 
262 
262 
262 
262 
262 
262 
262 
262 
262 
262 
262 
262 
262 
262 
262 
262 
262 
262 
262 
262 
262 
262 
262 
262 
262 
262 
262 
262 
262 
262 
262 
262 
262 
262 
262 
262 
262 
262 
262 
262 
262 
262 
262 
262 
262 
262 
262 
262 
262 
262 
262 
262 
262 
262 
262 
262 
262 
262 
262 
262 
262 
262 
262 
262 
262 
262 
262 
262 
262 
262 
262 
262 
262 
262 
262 
262 
262 
262 
262 
262 
262 
262 
262 
262 
262 
262 
262 
262 
262 
262 
262 
262 
262 
262 
262 
262 
262 
262 
262 
262 
262 
262 
262 
262 
262 
262 
262 
262 
262 
262 
262 
262 
262 
262 
262 
262 
262 
262 
262 
262 
262 
262 
262 
262 
262 
262 
262 
262 
262 
262 
262 
262 
262 
262 
262 
262 
262 
262 
262 
262 
262 
262 
262 
262 
262 
262 
262 
262 
262 
262 
262 
262 
262 
262 
262 
262 
262 
262 
262 
262 
262 
262 
262 
262 
262 
262 
262 
262 
262 
262 
262 
262 
262 
262 
262 
262 
262 
262 
262 
262 
262 
262 
262 
262 
262 
262 
262 
262 
262 
262 
262 
262 
262 
262 
262 
262 
262 
262 
262 
262 
262 
263 
263 
263 
263 
264 
264 
264 
264 
264 
265 
265 
265 
265 
266 
267 
267 
267 
267 
268 
268 
268 
268 
268 
269 
270 
271 
273 
274 
275 
276 
277 
279 
280 
281 
282 
284 
285 
286 
287 
288 
290 
291 
292 
294 
296 
298 
299 
300 
301 
302 
303 
305 
307 
308 
309 
310 
311 
312 
314 
316 
317 
318 
319 
320 
322 
323 
324 
325 
326 
327 
328 
329 
330 
331 
332 
333 
334 
335 
336 
337 
338 
339 
340 
341 
342 
343 
344 
344 
344 
344 
344 
344 
344 
344 
344 
344 
344 
344 
344 
344 
344 
344 
344 
344 
344 
344 
344 
345 
346 
347 
348 
349 
350 
351 
352 
353 
354 
354 
354 
354 
355 
356 
357 
358 
358 
358 
358 
358 
358 
358 
358 
358 
358 
358 
358 
358 
359 
359 
359 
359 
359 
360 
360 
360 
360 
360 
360 
360 
360 
360 
360 
360 
360 
360 
360 
360 
360 
360 
360 
360 
360 
360 
360 
360 
360 
360 
360 
360 
360 
360 
360 
361 
361 
361 
362 
363 
364 
365 
366 
367 
368 
368 
368 
368 
368 
368 
368 
368 
368 
368 
368 
369 
370 
371 
372 
373 
374 
375 
376 
377 
378 
379 
380 
381 
382 
383 
383 
383 
383 
383 
383 
384 
384 
384 
384 
385 
386 
387 
388 
389 
390 
391 
392 
393 
394 
395 
396 
397 
398 
399 
400 
401 
402 
403 
404 
405 
406 
407 
408 
409 
410 
411 
412 
413 
414 
415 
416 
417 
418 
419 
420 
421 
422 
423 
424 
425 
426 
427 
428 
429 
430 
431 
432 
433 
434 
435 
436 
437 
438 
438 
438 
438 
438 
438 
438 
438 
439 
439 
439 
439 
439 
439 
439 
440 
440 
440 
440 
440 
440 
440 
440 
440 
440 
440 
440 
440 
440 
440 
440 
440 
440 
440 
440 
440 
440 
440 
440 
440 
440 
440 
440 
440 
440 
440 
440 
440 
440 
440 
440 
440 
440 
440 
440 
440 
440 
440 
440 
440 
440 
440 
440 
440 
440 
440 
440 
440 
440 
440 
440 
440 
440 
440 
440 
440 
440 
440 
440 
440 
440 
440 
440 
440 
440 
440 
440 
440 
440 
440 
440 
440 
440 
440 
440 
440 
440 
440 
440 
440 
440 
440 
440 
440 
440 
440 
440 
440 
440 
440 
440 
440 
440 
440 
440 
440 
440 
440 
440 
440 
440 
440 
440 
440 
440 
440 
440 
440 
440 
440 
440 
440 
440 
440 
440 
440 
440 
440 
440 
440 
440 
440 
440 
440 
440 
440 
440 
440 
440 
440 
440 
440 
440 
440 
440 
440 
440 
440 
440 
440 
440 
440 
440 
440 
440 
440 
440 
440 
440 
440 
440 
440 
440 
440 
440 
440 
440 
440 
440 
440 
440 
440 
441 
441 
441 
442 
442 
442 
443 
443 
443 
443 
444 
444 
445 
445 
445 
445 
445 
445 
445 
446 
447 
448 
448 
448 
448 
448 
448 
448 
448 
448 
448 
448 
448 
449 
450 
451 
451 
451 
451 
451 
451 
451 
451 
451 
451 
451 
451 
452 
452 
452 
452 
453 
454 
454 
454 
454 
454 
455 
456 
457 
457 
457 
457 
457 
458 
459 
460 
460 
460 
460 
460 
460 
460 
460 
461 
462 
462 
462 
462 
462 
462 
462 
462 
462 
462 
462 
463 
464 
465 
466 
466 
466 
466 
466 
466 
466 
466 
466 
466 
466 
466 
466 
466 
466 
466 
467 
467 
467 
467 
467 
467 
467 
467 
467 
467 
467 
467 
468 
469 
470 
470 
470 
470 
471 
472 
473 
473 
473 
473 
473 
473 
473 
473 
473 
473 
474 
474 
475 
475 
475 
476 
477 
477 
477 
477 
477 
477 
477 
477 
477 
478 
478 
478 
479 
479 
479 
480 
480 
480 
480 
481 
481 
481 
481 
481 
481 
482 
483 
484 
485 
486 
487 
487 
487 
487 
487 
487 
488 
489 
490 
491 
492 
493 
494 
496 
497 
497 
497 
498 
499 
500 
500 
500 
500 
500 
500 
500 
501 
502 
503 
503 
503 
503 
503 
503 
503 
503 
503 
503 
503 
503 
503 
503 
503 
504 
504 
504 
504 
505 
506 
506 
507 
508 
509 
509 
509 
510 
511 
512 
512 
512 
512 
512 
512 
512 
512 
513 
514 
514 
514 
514 
514 
514 
514 
514 
514 
514 
514 
514 
514 
514 
515 
516 
517 
518 
518 
518 
518 
518 
518 
518 
518 
518 
518 
518 
518 
518 
518 
518 
518 
518 
518 
519 
519 
519 
519 
519 
519 
519 
519 
519 
519 
519 
519 
519 
520 
521 
522 
522 
524 
526 
528 
529 
530 
531 
532 
533 
534 
535 
536 
537 
537 
538 
538 
538 
538 
539 
540 
540 
540 
540 
540 
540 
540 
540 
540 
540 
540 
540 
541 
542 
543 
544 
545 
546 
546 
547 
548 
549 
550 
551 
552 
553 
554 
555 
555 
555 
555 
555 
555 
555 
555 
555 
555 
555 
555 
555 
555 
555 
555 
555 
555 
555 
555 
555 
555 
555 
555 
555 
555 
555 
555 
555 
555 
555 
555 
555 
555 
555 
555 
555 
555 
555 
555 
555 
555 
555 
555 
555 
555 
555 
555 
555 
555 
555 
555 
555 
555 
555 
555 
555 
555 
555 
555 
555 
555 
555 
555 
555 
555 
555 
555 
555 
555 
555 
555 
555 
555 
555 
555 
555 
555 
555 
555 
555 
555 
555 
555 
555 
555 
555 
555 
555 
555 
555 
555 
555 
555 
555 
555 
555 
555 
555 
555 
555 
555 
555 
555 
555 
555 
555 
555 
555 
555 
555 
555 
555 
555 
555 
555 
555 
555 
555 
555 
555 
555 
555 
555 
555 
555 
555 
555 
555 
555 
555 
555 
555 
555 
555 
555 
555 
555 
555 
555 
555 
555 
555 
555 
555 
555 
555 
555 
555 
555 
555 
555 
555 
555 
555 
555 
555 
555 
555 
555 
555 
555 
555 
555 
555 
555 
555 
555 
555 
555 
555 
555 
555 
555 
555 
555 
555 
555 
555 
555 
555 
555 
555 
555 
555 
555 
555 
555 
555 
555 
555 
555 
555 
555 
555 
555 
555 
555 
555 
555 
555 
555 
555 
555 
555 
555 
555 
555 
555 
555 
555 
555 
555 
555 
555 
555 
555 
555 
555 
555 
555 
555 
555 
555 
555 
555 
555 
555 
555 
555 
555 
555 
555 
555 
555 
555 
555 
555 
555 
555 
555 
555 
555 
555 
555 
555 
555 
555 
555 
555 
555 
555 
555 
555 
555 
555 
555 
555 
555 
555 
555 
555 
555 
555 
555 
555 
556 
556 
556 
556 
557 
557 
557 
557 
558 
558 
558 
559 
559 
559 
560 
560 
560 
560 
560 
560 
560 
560 
560 
561 
561 
561 
561 
562 
563 
564 
564 
564 
564 
564 
564 
565 
565 
565 
565 
566 
566 
567 
567 
567 
567 
567 
567 
568 
569 
569 
569 
569 
569 
569 
569 
569 
569 
569 
570 
571 
571 
571 
571 
572 
573 
574 
574 
574 
574 
574 
574 
574 
574 
574 
574 
574 
574 
575 
576 
577 
578 
579 
579 
579 
579 
579 
579 
579 
579 
579 
579 
579 
579 
580 
580 
580 
580 
580 
580 
580 
580 
580 
580 
580 
580 
580 
580 
580 
580 
581 
581 
582 
583 
584 
585 
586 
587 
588 
589 
590 
590 
590 
590 
590 
590 
590 
590 
590 
590 
590 
590 
590 
590 
590 
590 
590 
590 
590 
590 
591 
591 
591 
591 
591 
591 
591 
591 
591 
591 
591 
592 
592 
592 
592 
593 
593 
593 
593 
594 
594 
594 
594 
594 
595 
595 
595 
595 
596 
596 
597 
598 
599 
600 
601 
602 
603 
604 
604 
605 
605 
606 
606 
606 
606 
606 
606 
606 
606 
606 
606 
607 
608 
608 
608 
608 
608 
608 
609 
610 
611 
611 
611 
611 
611 
611 
611 
611 
611 
611 
612 
613 
614 
615 
616 
617 
618 
619 
620 
621 
622 
624 
625 
626 
627 
629 
631 
633 
633 
634 
634 
634 
634 
635 
636 
636 
636 
636 
636 
637 
638 
638 
638 
638 
639 
640 
641 
642 
643 
645 
647 
648 
648 
648 
649 
650 
651 
651 
651 
651 
651 
651 
652 
652 
652 
652 
652 
652 
652 
653 
655 
657 
659 
661 
662 
663 
664 
665 
666 
667 
668 
669 
670 
671 
672 
673 
674 
675 
676 
677 
678 
680 
681 
682 
683 
684 
685 
686 
687 
688 
689 
689 
689 
689 
689 
690 
691 
692 
693 
694 
695 
696 
697 
698 
699 
699 
699 
699 
699 
699 
699 
699 
699 
699 
699 
699 
699 
699 
699 
699 
699 
699 
699 
700 
701 
702 
703 
704 
704 
704 
704 
704 
704 
704 
704 
704 
704 
704 
704 
704 
704 
704 
704 
704 
704 
704 
704 
704 
704 
704 
704 
704 
704 
704 
704 
704 
704 
704 
704 
704 
704 
704 
704 
704 
704 
704 
704 
704 
704 
705 
706 
707 
708 
709 
710 
711 
712 
713 
714 
715 
716 
717 
718 
719 
720 
721 
722 
723 
724 
725 
726 
727 
728 
729 
730 
730 
730 
730 
730 
730 
730 
730 
730 
730 
730 
730 
730 
730 
730 
730 
730 
730 
730 
730 
730 
731 
731 
731 
731 
731 
731 
732 
733 
734 
735 
736 
737 
738 
739 
740 
741 
742 
743 
744 
745 
746 
747 
748 
749 
750 
751 
751 
751 
751 
751 
751 
751 
751 
751 
751 
751 
751 
751 
751 
751 
751 
751 
751 
751 
751 
751 
751 
751 
751 
751 
751 
751 
751 
751 
751 
751 
751 
751 
751 
751 
751 
751 
751 
751 
751 
751 
751 
751 
751 
751 
751 
751 
751 
751 
751 
751 
751 
751 
751 
751 
751 
751 
751 
751 
751 
751 
751 
751 
751 
751 
751 
751 
751 
751 
751 
751 
751 
751 
751 
751 
751 
751 
751 
751 
751 
751 
751 
751 
751 
751 
751 
751 
751 
751 
751 
751 
751 
751 
751 
751 
751 
751 
751 
751 
751 
751 
751 
751 
751 
751 
751 
751 
751 
751 
751 
751 
751 
751 
751 
751 
751 
751 
751 
751 
751 
751 
751 
751 
751 
751 
751 
751 
751 
751 
751 
751 
751 
751 
751 
751 
751 
751 
751 
751 
751 
751 
751 
751 
751 
751 
751 
751 
751 
751 
751 
751 
751 
751 
751 
751 
751 
751 
751 
751 
751 
751 
751 
751 
751 
751 
751 
751 
751 
751 
751 
751 
751 
751 
751 
751 
751 
751 
751 
751 
751 
751 
751 
751 
751 
751 
751 
751 
751 
751 
751 
751 
751 
751 
751 
751 
751 
751 
751 
751 
751 
751 
751 
751 
751 
751 
751 
751 
751 
751 
751 
751 
751 
751 
751 
751 
751 
751 
751 
751 
751 
751 
751 
751 
751 
751 
751 
751 
751 
751 
751 
751 
751 
751 
751 
751 
751 
751 
751 
751 
751 
751 
751 
751 
751 
751 
751 
751 
751 
751 
751 
751 
751 
751 
751 
751 
751 
751 
751 
751 
751 
751 
751 
751 
751 
751 
751 
751 
751 
751 
751 
751 
751 
751 
751 
751 
751 
751 
751 
751 
751 
751 
751 
751 
751 
751 
751 
751 
751 
751 
751 
751 
751 
751 
751 
751 
751 
751 
751 
751 
751 
751 
752 
752 
752 
752 
753 
753 
753 
753 
754 
754 
754 
754 
755 
756 
757 
759 
760 
761 
763 
764 
765 
767 
769 
770 
771 
772 
773 
774 
775 
776 
777 
778 
779 
781 
783 
784 
785 
786 
787 
789 
790 
791 
792 
793 
794 
795 
796 
797 
798 
799 
800 
801 
802 
803 
804 
805 
806 
807 
808 
809 
810 
811 
812 
813 
814 
815 
816 
817 
818 
819 
820 
821 
822 
822 
822 
822 
822 
822 
822 
822 
822 
822 
822 
822 
822 
822 
822 
822 
822 
823 
824 
825 
826 
827 
828 
828 
828 
828 
828 
828 
828 
828 
828 
828 
828 
828 
828 
828 
828 
828 
828 
828 
828 
828 
828 
828 
829 
830 
831 
832 
833 
834 
835 
836 
837 
838 
839 
840 
841 
842 
842 
842 
842 
842 
842 
842 
842 
842 
842 
842 
842 
842 
843 
843 
843 
844 
844 
844 
844 
844 
844 
844 
844 
844 
844 
844 
844 
844 
845 
846 
846 
846 
846 
846 
846 
846 
846 
846 
846 
847 
847 
847 
848 
848 
848 
848 
848 
848 
848 
848 
848 
848 
849 
850 
851 
852 
853 
854 
855 
856 
857 
858 
859 
860 
861 
862 
863 
864 
865 
866 
867 
868 
869 
870 
870 
870 
870 
870 
870 
871 
872 
873 
874 
875 
876 
877 
878 
879 
880 
881 
882 
883 
884 
885 
886 
887 
888 
889 
890 
891 
892 
893 
894 
895 
896 
897 
898 
899 
900 
901 
902 
903 
904 
905 
906 
907 
908 
908 
908 
908 
908 
908 
908 
908 
908 
908 
908 
908 
908 
908 
908 
908 
908 
908 
908 
908 
909 
910 
911 
912 
913 
914 
915 
916 
917 
918 
919 
920 
921 
922 
922 
922 
922 
922 
922 
922 
922 
922 
922 
922 
922 
922 
922 
922 
922 
922 
922 
922 
922 
922 
922 
922 
922 
922 
922 
922 
922 
922 
922 
922 
922 
922 
922 
922 
922 
922 
922 
922 
922 
922 
922 
922 
922 
922 
922 
922 
922 
922 
922 
922 
922 
922 
922 
922 
922 
922 
922 
922 
922 
922 
922 
922 
922 
922 
922 
922 
922 
922 
922 
922 
922 
922 
922 
922 
922 
922 
922 
922 
922 
922 
922 
922 
922 
922 
922 
922 
922 
922 
922 
922 
922 
922 
922 
922 
922 
922 
922 
922 
922 
922 
922 
922 
922 
922 
922 
922 
922 
922 
922 
922 
922 
922 
922 
922 
922 
922 
922 
922 
922 
922 
922 
922 
922 
922 
922 
922 
922 
922 
922 
922 
922 
922 
922 
922 
922 
922 
922 
922 
922 
922 
922 
922 
922 
922 
922 
922 
922 
922 
922 
922 
922 
922 
922 
922 
922 
922 
922 
922 
922 
922 
922 
922 
922 
922 
922 
922 
922 
922 
922 
922 
923 
923 
923 
923 
924 
924 
924 
924 
925 
925 
925 
925 
925 
926 
926 
926 
926 
926 
927 
927 
928 
929 
929 
929 
930 
930 
930 
931 
931 
931 
931 
931 
931 
932 
932 
932 
933 
933 
933 
934 
935 
935 
935 
935 
936 
936 
936 
936 
936 
936 
936 
936 
936 
936 
936 
937 
938 
939 
939 
939 
939 
939 
939 
939 
939 
939 
940 
941 
941 
941 
941 
941 
941 
941 
941 
941 
941 
942 
943 
944 
944 
944 
944 
944 
944 
944 
944 
944 
944 
944 
944 
944 
944 
944 
944 
944 
944 
944 
944 
945 
945 
945 
945 
946 
947 
948 
949 
949 
949 
949 
949 
949 
949 
949 
949 
949 
949 
949 
950 
950 
950 
950 
950 
950 
951 
952 
953 
954 
955 
956 
957 
958 
959 
960 
961 
962 
963 
964 
965 
966 
967 
968 
969 
970 
971 
972 
973 
974 
975 
976 
977 
978 
979 
980 
981 
982 
983 
984 
986 
987 
988 
989 
991 
992 
993 
994 
996 
997 
998 
999 
1000 
1001 
1002 
1003 
1004 
1005 
1006 
1007 
1008 
1009 
1011 
1012 
1013 
1014 
1015 
1016 
1018 
1020 
1022 
1024 
1026 
1027 
1028 
1029 
1030 
1031 
1032 
1034 
1035 
1036 
1038 
1039 
1040 
1042 
1044 
1045 
1046 
1047 
1049 
1050 
1051 
1052 
1053 
1054 
1055 
1056 
1057 
1058 
1059 
1060 
1062 
1064 
1066 
1067 
1068 
1069 
1070 
1071 
1072 
1073 
1075 
1077 
1078 
1079 
1080 
1081 
1082 
1083 
1084 
1085 
1086 
1087 
1089 
1091 
1093 
1094 
1095 
1096 
1097 
1098 
1099 
1100 
1101 
1102 
1103 
1104 
1105 
1106 
1107 
1108 
1109 
1110 
1111 
1112 
1113 
1114 
1115 
1117 
1118 
1119 
1120 
1122 
1124 
1126 
1128 
1129 
1130 
1131 
1132 
1133 
1134 
1135 
1136 
1137 
1138 
1139 
1141 
1142 
1143 
1144 
1145 
1146 
1148 
1150 
1152 
1154 
1156 
1158 
1160 
1162 
1162 
1162 
1162 
1163 
1163 
1163 
1163 
1164 
1164 
1164 
1164 
1164 
1164 
1164 
1164 
1164 
1164 
1164 
1164 
1164 
1165 
1166 
1166 
1166 
1166 
1167 
1167 
1167 
1167 
1167 
1167 
1167 
1167 
1167 
1167 
1167 
1167 
1167 
1167 
1168 
1169 
1170 
1170 
1170 
1170 
1170 
1170 
1170 
1170 
1170 
1171 
1172 
1173 
1174 
1175 
1176 
1177 
1178 
1178 
1178 
1178 
1178 
1178 
1178 
1178 
1178 
1178 
1178 
1178 
1178 
1178 
1178 
1178 
1178 
1178 
1178 
1178 
1178 
1178 
1178 
1178 
1179 
1180 
1181 
1182 
1183 
1184 
1185 
1186 
1187 
1188 
1189 
1190 
1191 
1192 
1193 
1194 
1195 
1196 
1197 
1198 
1199 
1200 
1201 
1202 
1203 
1204 
1205 
1206 
1207 
1208 
1209 
1210 
1211 
1212 
1213 
1214 
1215 
1216 
1217 
1218 
1219 
1220 
1221 
1222 
1223 
1224 
1225 
1226 
1227 
1228 
1229 
1230 
1231 
1232 
1233 
1234 
1235 
1236 
1237 
1238 
1239 
1240 
1241 
1242 
1243 
1244 
1245 
1246 
1247 
1247 
1247 
1247 
1247 
1247 
1247 
1247 
1247 
1247 
1247 
1247 
1247 
1247 
1247 
1247 
1247 
1247 
1247 
1247 
1247 
1247 
1247 
1247 
1247 
1247 
1247 
1247 
1247 
1247 
1247 
1247 
1247 
1247 
1247 
1247 
1247 
1247 
1247 
1247 
1247 
1247 
1247 
1247 
1247 
1247 
1247 
1247 
1247 
1247 
1247 
1247 
1247 
1247 
1247 
1247 
1247 
1247 
1247 
1247 
1247 
1247 
1247 
1247 
1247 
1247 
1247 
1247 
1247 
1247 
1247 
1247 
1247 
1247 
1247 
1247 
1247 
1247 
1247 
1247 
1247 
1247 
1247 
1247 
1247 
1247 
1247 
1247 
1247 
1247 
1247 
1247 
1247 
1247 
1247 
1247 
1247 
1247 
1247 
1247 
1247 
1247 
1247 
1247 
1247 
1247 
1247 
1247 
1247 
1247 
1247 
1247 
1247 
1247 
1247 
1247 
1247 
1247 
1247 
1247 
1247 
1247 
1247 
1247 
1247 
1247 
1247 
1247 
1247 
1247 
1247 
1247 
1247 
1247 
1247 
1247 
1247 
1247 
1247 
1247 
1247 
1247 
1247 
1247 
1247 
1247 
1247 
1247 
1247 
1247 
1247 
1247 
1247 
1247 
1247 
1247 
1247 
1247 
1247 
1247 
1247 
1247 
1247 
1247 
1247 
1247 
1247 
1247 
1247 
1247 
1247 
1247 
1247 
1247 
1247 
1247 
1247 
1247 
1247 
1247 
1247 
1247 
1247 
1247 
1247 
1247 
1247 
1247 
1247 
1247 
1247 
1247 
1247 
1247 
1247 
1247 
1247 
1247 
1247 
1247 
1247 
1247 
1247 
1247 
1247 
1247 
1247 
1247 
1247 
1247 
1247 
1247 
1247 
1247 
1247 
1247 
1247 
1247 
1247 
1247 
1247 
1247 
1247 
1247 
1247 
1247 
1247 
1247 
1247 
1247 
1247 
1247 
1247 
1247 
1247 
1247 
1247 
1247 
1247 
1247 
1247 
1247 
1247 
1247 
1247 
1247 
1247 
1247 
1247 
1247 
1247 
1247 
1247 
1247 
1247 
1247 
1247 
1247 
1247 
1247 
1247 
1247 
1247 
1247 
1247 
1247 
1247 
1247 
1247 
1247 
1247 
1247 
1247 
1247 
1247 
1247 
1247 
1247 
1247 
1247 
1247 
1247 
1247 
1247 
1247 
1247 
1247 
1247 
1247 
1247 
1247 
1247 
1247 
1247 
1247 
1247 
1247 
1247 
1247 
1247 
1247 
1248 
1248 
1248 
1248 
1249 
1249 
1249 
1250 
1250 
1250 
1250 
1251 
1251 
1251 
1252 
1252 
1253 
1253 
1253 
1253 
1253 
1254 
1255 
1255 
1255 
1255 
1255 
1255 
1255 
1255 
1255 
1256 
1256 
1257 
1258 
1259 
1260 
1262 
1264 
1265 
1266 
1267 
1269 
1271 
1273 
1274 
1275 
1276 
1277 
1278 
1279 
1280 
1281 
1282 
1283 
1284 
1285 
1286 
1287 
1289 
1290 
1292 
1293 
1294 
1295 
1296 
1298 
1300 
1302 
1304 
1306 
1308 
1309 
1310 
1311 
1313 
1314 
1315 
1316 
1318 
1320 
1321 
1322 
1323 
1324 
1326 
1327 
1328 
1329 
1330 
1331 
1332 
1333 
1334 
1335 
1336 
1336 
1336 
1336 
1336 
1337 
1337 
1337 
1337 
1337 
1337 
1338 
1339 
1340 
1341 
1342 
1342 
1342 
1342 
1342 
1342 
1342 
1342 
1342 
1342 
1342 
1342 
1342 
1342 
1343 
1344 
1345 
1345 
1345 
1345 
1345 
1345 
1345 
1345 
1345 
1345 
1346 
1346 
1347 
1348 
1348 
1348 
1348 
1348 
1348 
1348 
1348 
1348 
1348 
1348 
1348 
1348 
1348 
1348 
1349 
1349 
1349 
1349 
1349 
1349 
1349 
1350 
1351 
1352 
1353 
1354 
1354 
1354 
1354 
1354 
1354 
1354 
1354 
1355 
1356 
1356 
1356 
1356 
1356 
1356 
1357 
1358 
1359 
1360 
1360 
1360 
1360 
1360 
1360 
1360 
1360 
1360 
1360 
1361 
1361 
1361 
1361 
1361 
1361 
1361 
1361 
1361 
1361 
1361 
1361 
1361 
1362 
1363 
1363 
1363 
1364 
1364 
1364 
1364 
1364 
1364 
1364 
1364 
1364 
1365 
1366 
1367 
1368 
1369 
1370 
1371 
1372 
1373 
1374 
1375 
1376 
1376 
1376 
1376 
1376 
1376 
1376 
1376 
1376 
1376 
1376 
1376 
1376 
1376 
1376 
1376 
1376 
1376 
1377 
1377 
1377 
1377 
1378 
1379 
1380 
1380 
1380 
1380 
1380 
1380 
1380 
1380 
1380 
1380 
1380 
1380 
1380 
1380 
1380 
1380 
1380 
1380 
1380 
1380 
1380 
1380 
1380 
1380 
1380 
1380 
1380 
1380 
1380 
1380 
1380 
1380 
1380 
1380 
1380 
1380 
1381 
1381 
1381 
1381 
1381 
1381 
1381 
1381 
1381 
1381 
1381 
1381 
1381 
1381 
1381 
1381 
1381 
1381 
1381 
1381 
1381 
1381 
1381 
1381 
1381 
1381 
1381 
1381 
1381 
1381 
1381 
1381 
1381 
1381 
1381 
1381 
1381 
1381 
1381 
1381 
1381 
1381 
1381 
1381 
1381 
1381 
1381 
1381 
1381 
1381 
1381 
1381 
1381 
1381 
1381 
1381 
1381 
1381 
1381 
1381 
1381 
1381 
1381 
1381 
1381 
1381 
1381 
1381 
1381 
1381 
1381 
1381 
1381 
1381 
1381 
1381 
1381 
1381 
1381 
1381 
1381 
1381 
1381 
1381 
1381 
1381 
1381 
1381 
1381 
1381 
1381 
1381 
1381 
1381 
1381 
1381 
1381 
1381 
1381 
1381 
1381 
1381 
1381 
1381 
1381 
1381 
1381 
1381 
1381 
1381 
1381 
1381 
1381 
1381 
1381 
1381 
1381 
1381 
1381 
1381 
1381 
1381 
1381 
1381 
1381 
1381 
1381 
1381 
1381 
1381 
1381 
1381 
1381 
1381 
1381 
1381 
1381 
1381 
1381 
1381 
1381 
1381 
1381 
1381 
1381 
1381 
1381 
1381 
1381 
1381 
1381 
1381 
1381 
1381 
1381 
1381 
1381 
1381 
1381 
1381 
1381 
1381 
1381 
1381 
1381 
1381 
1381 
1381 
1381 
1381 
1381 
1381 
1381 
1381 
1381 
1381 
1381 
1381 
1381 
1381 
1381 
1381 
1381 
1381 
1381 
1381 
1381 
1381 
1381 
1381 
1381 
1381 
1381 
1381 
1381 
1381 
1381 
1381 
1381 
1381 
1381 
1381 
1381 
1381 
1381 
1381 
1381 
1381 
1381 
1381 
1381 
1381 
1381 
1381 
1381 
1381 
1381 
1381 
1381 
1381 
1381 
1381 
1381 
1381 
1381 
1381 
1381 
1381 
1381 
1381 
1381 
1381 
1381 
1381 
1381 
1381 
1381 
1381 
1381 
1381 
1381 
1381 
1381 
1381 
1381 
1381 
1381 
1381 
1381 
1381 
1381 
1381 
1381 
1381 
1381 
1381 
1381 
1381 
1381 
1381 
1381 
1381 
1381 
1381 
1381 
1381 
1381 
1381 
1381 
1381 
1381 
1381 
1381 
1381 
1381 
1381 
1381 
1381 
1381 
1381 
1381 
1381 
1381 
1381 
1381 
1381 
1381 
1381 
1381 
1381 
1381 
1381 
1381 
1381 
1381 
1381 
1381 
1381 
1381 
1381 
1381 
1381 
1381 
1381 
1381 
1381 
1381 
1381 
1381 
1381 
1382 
1382 
1382 
1382 
1383 
1383 
1383 
1383 
1384 
1384 
1385 
1386 
1388 
1389 
1390 
1391 
1393 
1395 
1396 
1398 
1399 
1400 
1401 
1403 
1404 
1405 
1406 
1407 
1408 
1410 
1411 
1412 
1413 
1414 
1415 
1416 
1418 
1420 
1422 
1423 
1424 
1425 
1427 
1429 
1430 
1431 
1432 
1433 
1434 
1435 
1436 
1437 
1438 
1440 
1442 
1443 
1444 
1445 
1446 
1447 
1449 
1450 
1450 
1450 
1450 
1451 
1451 
1451 
1451 
1451 
1451 
1451 
1452 
1453 
1454 
1455 
1456 
1457 
1458 
1459 
1460 
1461 
1461 
1462 
1462 
1462 
1464 
1466 
1466 
1466 
1466 
1466 
1466 
1466 
1467 
1467 
1467 
1467 
1467 
1467 
1467 
1468 
1469 
1470 
1471 
1471 
1471 
1471 
1471 
1471 
1472 
1472 
1472 
1472 
1472 
1473 
1474 
1475 
1475 
1475 
1475 
1475 
1475 
1475 
1475 
1475 
1475 
1475 
1476 
1477 
1478 
1478 
1478 
1479 
1480 
1482 
1483 
1484 
1485 
1486 
1487 
1488 
1489 
1490 
1491 
1492 
1493 
1495 
1497 
1499 
1500 
1500 
1500 
1500 
1500 
1500 
1500 
1500 
1500 
1500 
1500 
1500 
1500 
1500 
1500 
1500 
1500 
1500 
1500 
1500 
1500 
1500 
1500 
1501 
1501 
1501 
1501 
1501 
1502 
1503 
1504 
1505 
1506 
1507 
1508 
1509 
1509 
1509 
1509 
1509 
1509 
1509 
1510 
1511 
1511 
1511 
1511 
1511 
1511 
1511 
1511 
1512 
1513 
1514 
1515 
1516 
1517 
1517 
1517 
1517 
1517 
1517 
1517 
1517 
1517 
1517 
1517 
1517 
1517 
1517 
1518 
1518 
1519 
1520 
1521 
1522 
1523 
1524 
1525 
1526 
1527 
1528 
1529 
1530 
1530 
1530 
1530 
1530 
1531 
1532 
1533 
1533 
1533 
1533 
1533 
1533 
1533 
1533 
1533 
1533 
1533 
1533 
1533 
1533 
1533 
1533 
1533 
1533 
1533 
1533 
1533 
1533 
1533 
1533 
1533 
1533 
1533 
1533 
1533 
1533 
1533 
1533 
1533 
1533 
1533 
1533 
1533 
1533 
1534 
1534 
1534 
1534 
1534 
1535 
1536 
1537 
1538 
1539 
1540 
1541 
1542 
1543 
1544 
1545 
1546 
1547 
1548 
1549 
1550 
1551 
1551 
1551 
1551 
1551 
1551 
1551 
1551 
1551 
1551 
1551 
1551 
1551 
1551 
1551 
1551 
1551 
1551 
1551 
1551 
1551 
1551 
1551 
1551 
1551 
1551 
1551 
1551 
1551 
1551 
1551 
1551 
1551 
1551 
1551 
1551 
1551 
1551 
1551 
1551 
1551 
1551 
1551 
1551 
1551 
1551 
1551 
1551 
1551 
1551 
1551 
