10 
9 
9 
9 
9 
9 
9 
8 
9 
9 
9 
9 
9 
8 
8 
8 
8 
9 
8 
8 
8 
8 
8 
8 
9 
9 
9 
8 
8 
8 
8 
8 
9 
8 
7 
7 
9 
8 
8 
8 
8 
8 
8 
7 
6 
6 
8 
8 
8 
8 
8 
8 
8 
8 
8 
8 
8 
8 
8 
8 
8 
8 
8 
8 
8 
7 
7 
7 
7 
7 
7 
7 
7 
7 
7 
8 
8 
7 
6 
5 
5 
5 
5 
4 
3 
4 
4 
4 
4 
5 
4 
3 
3 
3 
3 
3 
3 
3 
4 
4 
4 
4 
4 
4 
5 
5 
5 
5 
5 
5 
5 
5 
5 
5 
5 
5 
5 
5 
5 
5 
4 
4 
4 
4 
4 
4 
4 
4 
4 
4 
3 
3 
2 
2 
2 
2 
2 
2 
2 
2 
2 
2 
2 
1 
1 
1 
1 
1 
0 
0 
0 
0 
0 
0 
0 
0 
0 
0 
0 
0 
0 
0 
0 
0 
0 
0 
0 
0 
0 
0 
0 
0 
0 
0 
0 
0 
0 
0 
0 
0 
0 
0 
0 
0 
0 
0 
0 
0 
0 
0 
0 
0 
0 
0 
0 
0 
0 
0 
0 
0 
0 
0 
0 
0 
0 
0 
0 
0 
0 
0 
0 
0 
0 
0 
0 
0 
0 
0 
0 
0 
0 
0 
0 
0 
0 
0 
0 
0 
0 
0 
0 
0 
0 
0 
0 
0 
0 
0 
0 
0 
0 
0 
0 
0 
0 
0 
0 
0 
0 
0 
0 
0 
0 
0 
0 
0 
0 
0 
0 
0 
0 
0 
0 
0 
0 
0 
0 
0 
0 
0 
0 
0 
0 
0 
0 
0 
0 
0 
0 
0 
0 
0 
0 
0 
0 
0 
0 
0 
0 
0 
0 
0 
0 
0 
0 
0 
0 
0 
0 
0 
0 
0 
0 
0 
0 
0 
0 
0 
0 
0 
0 
0 
0 
0 
0 
0 
0 
0 
0 
0 
0 
0 
0 
0 
0 
0 
0 
0 
0 
0 
0 
0 
0 
0 
0 
0 
0 
0 
0 
0 
0 
0 
0 
0 
0 
0 
0 
0 
0 
0 
0 
0 
0 
0 
0 
0 
0 
0 
0 
0 
0 
0 
0 
0 
0 
0 
0 
0 
0 
0 
0 
0 
0 
0 
0 
0 
0 
0 
0 
0 
0 
0 
0 
0 
0 
0 
0 
0 
0 
0 
0 
0 
0 
0 
0 
0 
0 
0 
0 
0 
0 
0 
0 
0 
0 
0 
0 
0 
0 
0 
0 
0 
0 
0 
0 
0 
0 
0 
0 
0 
0 
0 
0 
0 
0 
0 
0 
0 
0 
0 
0 
0 
0 
0 
0 
0 
0 
0 
0 
0 
0 
0 
0 
0 
0 
0 
0 
0 
0 
0 
2 
2 
3 
2 
2 
2 
2 
2 
3 
3 
3 
3 
3 
5 
5 
5 
5 
5 
7 
7 
8 
8 
8 
10 
10 
10 
10 
11 
11 
11 
11 
12 
12 
12 
12 
12 
12 
12 
12 
12 
12 
12 
12 
13 
13 
14 
14 
13 
13 
13 
13 
12 
12 
12 
11 
11 
11 
11 
12 
12 
12 
12 
12 
12 
13 
12 
13 
13 
13 
12 
11 
11 
11 
11 
11 
12 
13 
13 
13 
14 
13 
13 
13 
12 
12 
13 
13 
13 
13 
15 
18 
20 
21 
21 
21 
23 
24 
24 
24 
25 
26 
26 
27 
27 
28 
28 
28 
29 
30 
30 
32 
33 
33 
34 
35 
38 
39 
40 
39 
38 
39 
40 
39 
43 
44 
45 
45 
45 
46 
46 
50 
50 
52 
54 
55 
55 
55 
58 
60 
62 
64 
66 
65 
65 
66 
67 
68 
70 
72 
71 
71 
73 
73 
74 
74 
75 
77 
78 
82 
83 
84 
86 
88 
88 
90 
92 
92 
93 
94 
93 
93 
93 
96 
98 
99 
99 
102 
103 
104 
106 
108 
108 
107 
106 
105 
104 
106 
107 
111 
112 
111 
110 
110 
111 
111 
110 
110 
109 
112 
114 
115 
116 
118 
122 
123 
125 
126 
128 
130 
129 
128 
132 
133 
135 
140 
144 
144 
147 
148 
148 
148 
148 
147 
147 
148 
147 
148 
149 
151 
151 
151 
154 
155 
157 
157 
157 
158 
159 
160 
161 
161 
161 
162 
162 
162 
163 
163 
165 
166 
167 
166 
166 
167 
167 
168 
168 
168 
169 
169 
170 
170 
169 
169 
169 
168 
167 
166 
165 
164 
163 
163 
163 
163 
164 
164 
164 
165 
165 
165 
165 
165 
165 
165 
165 
165 
165 
165 
165 
166 
166 
166 
166 
166 
166 
166 
166 
166 
166 
166 
166 
0 
0 
0 
0 
0 
0 
0 
0 
0 
0 
0 
0 
0 
0 
0 
0 
0 
0 
0 
0 
0 
0 
0 
0 
0 
0 
0 
0 
0 
0 
0 
0 
0 
0 
0 
0 
0 
0 
0 
0 
0 
0 
0 
0 
0 
0 
0 
0 
0 
0 
0 
0 
0 
0 
0 
0 
0 
0 
0 
0 
0 
0 
0 
0 
0 
0 
0 
0 
0 
0 
0 
0 
0 
0 
0 
0 
0 
0 
0 
0 
0 
0 
0 
0 
0 
0 
0 
0 
0 
0 
0 
0 
0 
0 
0 
0 
0 
0 
0 
0 
0 
0 
0 
0 
0 
0 
0 
0 
0 
0 
0 
0 
0 
0 
0 
0 
0 
0 
0 
0 
0 
0 
0 
0 
0 
0 
0 
0 
0 
0 
0 
0 
0 
0 
0 
0 
0 
0 
0 
0 
0 
0 
0 
0 
0 
0 
0 
0 
0 
0 
0 
0 
0 
0 
0 
0 
0 
0 
0 
0 
0 
0 
0 
0 
0 
0 
0 
0 
0 
0 
0 
0 
0 
0 
0 
0 
0 
0 
0 
0 
0 
0 
0 
0 
0 
0 
0 
0 
0 
0 
0 
0 
0 
0 
0 
0 
0 
0 
0 
0 
0 
0 
0 
0 
0 
0 
0 
0 
0 
0 
0 
0 
0 
0 
0 
0 
0 
0 
0 
0 
0 
0 
0 
0 
0 
0 
0 
0 
0 
0 
0 
0 
0 
0 
0 
0 
0 
0 
0 
0 
0 
0 
0 
0 
0 
0 
0 
0 
0 
0 
0 
0 
0 
0 
0 
0 
0 
0 
0 
0 
0 
0 
0 
0 
0 
0 
0 
0 
0 
0 
0 
0 
0 
0 
0 
0 
0 
0 
0 
0 
0 
0 
0 
0 
0 
0 
0 
0 
0 
0 
0 
0 
0 
0 
0 
0 
0 
0 
0 
0 
12 
12 
13 
13 
13 
12 
12 
12 
12 
12 
11 
11 
11 
12 
11 
11 
11 
12 
12 
12 
12 
11 
10 
10 
10 
10 
10 
11 
11 
12 
12 
12 
12 
12 
13 
12 
11 
11 
11 
11 
11 
11 
12 
12 
12 
11 
12 
12 
13 
13 
12 
12 
12 
12 
12 
12 
12 
12 
11 
11 
11 
12 
13 
13 
14 
14 
14 
14 
14 
15 
15 
14 
14 
13 
12 
11 
11 
11 
11 
10 
9 
8 
8 
9 
10 
10 
10 
10 
10 
9 
9 
9 
10 
11 
11 
11 
11 
12 
12 
12 
13 
12 
13 
13 
13 
13 
13 
13 
12 
12 
14 
14 
15 
14 
14 
14 
14 
14 
14 
14 
14 
14 
15 
15 
15 
15 
15 
15 
15 
15 
15 
15 
18 
18 
18 
18 
18 
19 
19 
19 
19 
19 
18 
17 
16 
15 
14 
14 
14 
14 
14 
14 
15 
15 
15 
15 
16 
16 
16 
16 
16 
16 
16 
18 
18 
18 
18 
19 
20 
21 
21 
21 
20 
20 
20 
20 
20 
21 
21 
21 
20 
19 
18 
17 
16 
15 
14 
13 
12 
11 
10 
9 
10 
10 
10 
10 
10 
10 
10 
11 
12 
13 
14 
14 
14 
14 
15 
15 
15 
16 
16 
17 
16 
15 
14 
13 
14 
14 
14 
14 
14 
14 
15 
15 
15 
15 
15 
15 
16 
16 
17 
17 
18 
20 
21 
21 
21 
21 
21 
21 
21 
21 
21 
21 
22 
22 
22 
21 
20 
19 
19 
20 
21 
22 
22 
22 
22 
22 
23 
25 
25 
25 
25 
25 
25 
26 
28 
28 
28 
28 
28 
28 
27 
27 
27 
27 
28 
28 
27 
26 
25 
24 
23 
22 
21 
20 
19 
18 
17 
17 
17 
18 
18 
18 
18 
18 
18 
18 
17 
16 
0 
0 
0 
0 
0 
0 
0 
0 
0 
0 
0 
0 
0 
0 
0 
0 
0 
0 
0 
0 
0 
0 
0 
0 
0 
0 
0 
0 
0 
0 
0 
0 
0 
0 
0 
0 
0 
0 
0 
0 
0 
0 
0 
0 
0 
0 
0 
0 
0 
0 
0 
0 
0 
0 
0 
0 
0 
0 
0 
0 
0 
0 
0 
0 
0 
0 
0 
0 
0 
0 
0 
0 
0 
0 
0 
0 
0 
0 
0 
0 
0 
0 
0 
0 
0 
0 
0 
0 
0 
0 
0 
0 
0 
0 
0 
0 
0 
0 
0 
0 
0 
0 
0 
0 
0 
0 
0 
0 
0 
0 
0 
0 
0 
0 
0 
0 
0 
0 
0 
0 
0 
0 
0 
0 
0 
0 
0 
0 
0 
0 
0 
0 
0 
0 
0 
0 
0 
0 
0 
0 
0 
0 
0 
0 
0 
0 
0 
0 
0 
0 
0 
0 
0 
0 
0 
0 
0 
0 
0 
0 
0 
0 
0 
0 
0 
0 
0 
0 
0 
0 
0 
0 
0 
0 
0 
0 
0 
0 
0 
0 
0 
0 
0 
0 
0 
0 
0 
0 
0 
0 
0 
0 
0 
0 
0 
0 
0 
0 
0 
0 
0 
0 
0 
0 
0 
0 
0 
0 
0 
0 
0 
0 
0 
0 
0 
0 
0 
0 
0 
0 
0 
0 
0 
0 
0 
0 
0 
0 
0 
0 
0 
0 
0 
0 
0 
0 
0 
0 
0 
0 
0 
0 
0 
0 
0 
0 
0 
0 
0 
0 
0 
0 
0 
0 
0 
0 
0 
0 
0 
0 
0 
0 
0 
0 
0 
0 
0 
0 
0 
0 
0 
0 
0 
0 
0 
0 
0 
0 
0 
0 
0 
0 
0 
0 
0 
0 
0 
0 
0 
0 
0 
0 
0 
0 
0 
0 
0 
0 
0 
0 
12 
12 
12 
11 
11 
11 
11 
11 
11 
10 
11 
11 
11 
11 
11 
12 
11 
13 
13 
13 
13 
12 
12 
12 
11 
11 
11 
11 
11 
12 
12 
12 
13 
12 
11 
11 
12 
12 
12 
12 
11 
10 
9 
10 
10 
10 
10 
10 
10 
10 
11 
11 
11 
12 
12 
12 
12 
11 
11 
11 
11 
12 
11 
10 
9 
8 
8 
8 
8 
8 
8 
8 
9 
9 
9 
10 
10 
9 
8 
7 
8 
8 
11 
12 
12 
12 
13 
14 
13 
14 
13 
14 
15 
15 
16 
16 
17 
17 
17 
18 
18 
18 
18 
17 
16 
18 
19 
19 
19 
19 
19 
19 
19 
20 
21 
21 
20 
20 
20 
19 
19 
19 
19 
19 
20 
20 
20 
19 
19 
19 
19 
20 
20 
20 
20 
21 
21 
20 
19 
19 
20 
19 
19 
18 
18 
17 
16 
15 
14 
15 
14 
13 
12 
12 
12 
12 
11 
10 
11 
11 
11 
10 
10 
11 
11 
10 
9 
9 
10 
10 
11 
11 
11 
11 
11 
12 
15 
16 
16 
16 
17 
16 
15 
14 
14 
14 
14 
14 
14 
14 
14 
15 
15 
15 
16 
16 
16 
16 
16 
17 
17 
17 
17 
17 
17 
17 
17 
16 
16 
16 
16 
16 
17 
17 
17 
16 
15 
14 
13 
13 
12 
11 
11 
11 
11 
11 
11 
10 
10 
10 
11 
11 
11 
12 
12 
12 
12 
12 
12 
13 
13 
13 
13 
14 
14 
14 
16 
16 
16 
16 
16 
17 
17 
17 
17 
17 
19 
19 
19 
19 
19 
19 
20 
20 
20 
20 
20 
20 
20 
20 
20 
20 
20 
21 
21 
21 
21 
21 
22 
23 
23 
24 
24 
24 
24 
25 
24 
25 
25 
26 
26 
26 
26 
26 
26 
26 
26 
26 
26 
27 
0 
0 
0 
0 
0 
0 
0 
0 
0 
0 
0 
0 
0 
0 
0 
0 
0 
0 
0 
0 
0 
0 
0 
0 
0 
0 
0 
0 
0 
0 
0 
0 
0 
0 
0 
0 
0 
0 
0 
0 
0 
0 
0 
0 
0 
0 
0 
0 
0 
0 
0 
0 
0 
0 
0 
0 
0 
0 
0 
0 
0 
0 
0 
0 
0 
0 
0 
0 
0 
0 
0 
0 
0 
0 
0 
0 
0 
0 
0 
0 
0 
0 
0 
0 
0 
0 
0 
0 
0 
0 
0 
0 
0 
0 
0 
0 
0 
0 
0 
0 
0 
0 
0 
0 
0 
0 
0 
0 
0 
0 
0 
0 
0 
0 
0 
0 
0 
0 
0 
0 
0 
0 
0 
0 
0 
0 
0 
0 
0 
0 
0 
0 
0 
0 
0 
0 
0 
0 
0 
0 
0 
0 
0 
0 
0 
0 
0 
0 
0 
0 
0 
0 
0 
0 
0 
0 
0 
0 
0 
0 
0 
0 
0 
0 
0 
0 
0 
0 
0 
0 
0 
0 
0 
0 
0 
0 
0 
0 
0 
0 
0 
0 
0 
0 
0 
0 
0 
0 
0 
0 
0 
0 
0 
0 
0 
0 
0 
0 
0 
0 
0 
0 
0 
0 
0 
0 
0 
0 
0 
0 
0 
0 
0 
0 
0 
0 
0 
0 
0 
0 
0 
0 
0 
0 
0 
0 
0 
0 
0 
0 
0 
0 
0 
0 
0 
0 
0 
0 
0 
0 
0 
0 
0 
0 
0 
0 
0 
0 
0 
0 
0 
0 
0 
0 
0 
0 
0 
0 
0 
0 
0 
0 
0 
0 
0 
0 
0 
0 
0 
0 
0 
0 
0 
0 
0 
0 
0 
0 
0 
0 
0 
0 
0 
0 
0 
0 
0 
0 
0 
0 
0 
0 
0 
0 
0 
0 
0 
0 
0 
0 
10 
10 
12 
12 
11 
12 
12 
12 
13 
13 
13 
13 
12 
11 
11 
11 
10 
10 
11 
11 
10 
10 
10 
11 
11 
11 
11 
12 
11 
11 
10 
11 
11 
11 
11 
11 
11 
11 
11 
10 
11 
11 
11 
11 
12 
12 
12 
13 
13 
13 
13 
12 
11 
11 
11 
11 
11 
12 
11 
11 
11 
11 
11 
11 
11 
11 
11 
11 
11 
11 
10 
9 
9 
10 
10 
10 
10 
12 
12 
12 
13 
13 
13 
13 
13 
15 
16 
17 
17 
17 
17 
17 
16 
15 
14 
14 
14 
14 
15 
15 
15 
15 
14 
13 
13 
14 
14 
14 
14 
14 
15 
15 
15 
15 
15 
15 
15 
15 
15 
15 
15 
15 
14 
14 
14 
14 
15 
15 
15 
15 
15 
14 
14 
13 
12 
11 
10 
9 
8 
7 
7 
7 
7 
7 
7 
7 
7 
10 
10 
10 
10 
