0 
0 
0 
0 
0 
0 
0 
1 
2 
2 
2 
2 
2 
2 
2 
2 
2 
2 
2 
2 
2 
2 
2 
2 
2 
3 
4 
5 
6 
6 
6 
6 
6 
6 
6 
6 
6 
6 
6 
6 
6 
6 
6 
6 
7 
8 
9 
10 
10 
10 
10 
10 
10 
10 
10 
10 
10 
10 
10 
10 
10 
10 
10 
10 
10 
10 
11 
12 
12 
12 
13 
13 
13 
14 
14 
14 
15 
15 
16 
16 
16 
16 
16 
17 
17 
17 
18 
20 
21 
21 
21 
22 
23 
24 
24 
25 
25 
25 
27 
28 
29 
30 
31 
33 
34 
35 
36 
37 
38 
39 
41 
42 
43 
44 
45 
46 
47 
48 
49 
50 
51 
53 
55 
57 
59 
61 
63 
64 
65 
66 
67 
68 
69 
70 
71 
73 
75 
77 
78 
79 
80 
81 
83 
85 
86 
87 
88 
89 
90 
91 
91 
91 
91 
91 
91 
91 
92 
93 
94 
95 
95 
95 
95 
96 
96 
96 
96 
96 
96 
97 
97 
97 
97 
97 
97 
97 
97 
97 
98 
98 
98 
98 
98 
98 
98 
98 
98 
98 
98 
98 
98 
99 
100 
101 
102 
102 
103 
104 
104 
104 
104 
104 
104 
104 
104 
104 
104 
104 
104 
104 
104 
104 
104 
104 
104 
104 
104 
104 
104 
104 
104 
104 
104 
104 
104 
104 
104 
104 
104 
104 
104 
104 
104 
104 
104 
104 
104 
104 
104 
104 
104 
104 
104 
104 
104 
104 
104 
104 
104 
104 
104 
104 
104 
104 
104 
104 
104 
104 
104 
104 
104 
104 
104 
104 
104 
104 
104 
104 
104 
104 
104 
104 
104 
104 
104 
104 
104 
104 
104 
104 
104 
104 
104 
104 
104 
104 
104 
104 
104 
104 
104 
104 
104 
104 
104 
104 
104 
104 
104 
104 
104 
104 
104 
104 
104 
104 
105 
106 
107 
108 
108 
108 
108 
108 
108 
108 
108 
108 
108 
108 
108 
108 
108 
108 
108 
108 
108 
108 
108 
109 
110 
111 
112 
113 
114 
115 
115 
115 
116 
116 
116 
116 
116 
116 
116 
117 
118 
119 
119 
119 
119 
119 
119 
119 
119 
119 
119 
119 
119 
119 
119 
120 
120 
120 
120 
121 
121 
122 
123 
124 
126 
126 
126 
126 
126 
127 
127 
127 
128 
130 
130 
130 
131 
131 
132 
132 
133 
134 
134 
135 
135 
136 
136 
136 
137 
138 
139 
139 
139 
140 
141 
141 
141 
142 
142 
144 
145 
145 
145 
145 
145 
145 
145 
145 
146 
148 
149 
150 
150 
151 
152 
152 
152 
152 
152 
153 
154 
154 
155 
156 
156 
156 
156 
156 
156 
156 
156 
156 
157 
158 
159 
159 
159 
159 
159 
160 
160 
160 
161 
163 
163 
163 
164 
164 
164 
164 
165 
166 
167 
168 
169 
169 
169 
169 
169 
169 
169 
169 
169 
169 
169 
170 
171 
171 
171 
171 
171 
172 
172 
172 
172 
172 
172 
172 
172 
172 
172 
172 
172 
172 
173 
174 
175 
176 
176 
176 
176 
176 
176 
176 
176 
176 
176 
176 
176 
176 
176 
176 
176 
176 
176 
177 
177 
177 
177 
178 
179 
180 
181 
181 
181 
181 
181 
181 
181 
181 
181 
181 
181 
181 
181 
181 
181 
181 
181 
181 
181 
181 
181 
181 
181 
181 
181 
181 
181 
181 
181 
181 
181 
181 
181 
181 
181 
181 
181 
181 
181 
181 
181 
181 
181 
181 
181 
181 
181 
181 
181 
181 
181 
181 
181 
181 
181 
181 
181 
181 
181 
181 
181 
181 
181 
181 
181 
181 
181 
181 
181 
181 
181 
181 
181 
181 
181 
181 
181 
181 
181 
181 
181 
181 
181 
181 
182 
182 
182 
182 
182 
182 
182 
182 
182 
182 
183 
184 
185 
186 
186 
186 
186 
186 
186 
186 
187 
187 
187 
187 
188 
189 
190 
191 
191 
191 
191 
191 
191 
191 
192 
193 
193 
193 
193 
193 
193 
193 
193 
193 
193 
193 
193 
193 
193 
193 
193 
193 
193 
193 
193 
194 
195 
196 
197 
197 
197 
197 
197 
197 
197 
197 
197 
197 
198 
198 
198 
199 
199 
199 
199 
200 
200 
200 
200 
201 
201 
201 
202 
203 
203 
203 
203 
203 
203 
203 
204 
204 
204 
204 
204 
205 
206 
206 
206 
206 
206 
206 
206 
206 
206 
207 
207 
208 
209 
210 
210 
210 
210 
210 
210 
210 
210 
210 
210 
210 
210 
211 
211 
211 
211 
211 
212 
213 
214 
215 
215 
215 
215 
215 
215 
215 
215 
215 
215 
216 
216 
216 
216 
216 
216 
216 
216 
216 
217 
218 
219 
220 
220 
220 
220 
220 
220 
220 
221 
222 
222 
222 
222 
222 
222 
222 
222 
222 
222 
222 
222 
222 
223 
223 
224 
225 
226 
227 
227 
227 
227 
227 
227 
227 
227 
227 
227 
228 
229 
230 
230 
230 
230 
230 
230 
230 
230 
230 
230 
230 
230 
230 
230 
230 
230 
231 
231 
231 
232 
233 
234 
235 
236 
237 
238 
238 
238 
238 
238 
238 
238 
238 
238 
238 
238 
238 
238 
238 
238 
238 
238 
238 
238 
238 
238 
238 
238 
238 
238 
238 
238 
238 
238 
238 
238 
238 
238 
238 
238 
238 
238 
238 
238 
238 
238 
238 
238 
238 
238 
238 
238 
238 
238 
238 
238 
238 
238 
238 
238 
238 
238 
238 
238 
238 
238 
238 
238 
238 
238 
238 
238 
238 
238 
238 
238 
238 
238 
238 
238 
238 
238 
238 
238 
238 
238 
238 
238 
238 
238 
238 
238 
238 
238 
238 
238 
238 
238 
239 
240 
241 
241 
241 
242 
242 
242 
243 
244 
244 
244 
244 
244 
244 
244 
244 
244 
244 
244 
244 
244 
244 
244 
245 
246 
247 
247 
247 
247 
247 
247 
247 
247 
247 
247 
247 
247 
247 
247 
247 
247 
247 
247 
247 
247 
247 
247 
247 
248 
249 
250 
251 
252 
253 
254 
255 
256 
257 
258 
258 
259 
259 
259 
259 
260 
260 
260 
261 
261 
261 
261 
261 
262 
262 
262 
263 
263 
263 
263 
263 
263 
264 
265 
265 
265 
265 
265 
265 
265 
266 
267 
267 
267 
267 
267 
268 
269 
269 
269 
269 
269 
269 
269 
270 
271 
271 
271 
271 
271 
271 
271 
271 
271 
271 
271 
271 
272 
272 
273 
274 
275 
276 
276 
277 
277 
277 
277 
277 
277 
277 
277 
277 
277 
277 
277 
278 
279 
279 
279 
279 
279 
279 
279 
279 
279 
279 
279 
279 
279 
279 
279 
280 
280 
280 
280 
280 
280 
280 
281 
282 
283 
284 
285 
286 
286 
287 
288 
289 
290 
290 
290 
290 
290 
290 
290 
290 
290 
291 
292 
292 
292 
292 
292 
292 
292 
292 
292 
292 
292 
292 
292 
292 
292 
292 
292 
292 
292 
292 
292 
292 
292 
292 
292 
292 
292 
293 
293 
293 
293 
293 
293 
293 
293 
293 
293 
293 
293 
293 
293 
293 
293 
293 
293 
293 
293 
293 
293 
293 
293 
293 
293 
293 
293 
293 
293 
293 
293 
293 
293 
293 
293 
293 
293 
293 
293 
293 
293 
293 
293 
293 
293 
293 
293 
293 
293 
293 
293 
293 
293 
293 
293 
293 
293 
293 
293 
293 
293 
293 
293 
293 
293 
293 
293 
293 
293 
293 
293 
293 
293 
293 
293 
293 
293 
293 
293 
293 
293 
293 
293 
293 
294 
294 
294 
294 
295 
295 
295 
295 
295 
295 
295 
295 
295 
295 
295 
295 
295 
295 
295 
295 
296 
297 
298 
298 
298 
298 
298 
299 
300 
301 
302 
302 
303 
303 
303 
303 
303 
303 
303 
304 
305 
306 
307 
307 
307 
307 
307 
307 
307 
307 
307 
307 
307 
307 
307 
308 
309 
309 
309 
309 
309 
309 
309 
309 
309 
309 
309 
310 
310 
311 
312 
312 
312 
312 
313 
313 
313 
314 
314 
314 
314 
314 
314 
315 
315 
316 
317 
317 
318 
319 
320 
321 
322 
323 
323 
325 
327 
327 
327 
327 
327 
327 
328 
330 
331 
332 
332 
333 
334 
334 
334 
335 
336 
337 
338 
339 
339 
339 
339 
339 
339 
339 
340 
341 
343 
344 
344 
344 
344 
344 
344 
344 
344 
344 
344 
344 
344 
344 
344 
345 
345 
345 
345 
345 
346 
346 
346 
346 
347 
348 
349 
349 
349 
349 
349 
349 
349 
349 
349 
349 
349 
349 
349 
349 
349 
349 
349 
349 
349 
349 
349 
349 
349 
349 
349 
349 
349 
349 
349 
349 
349 
349 
349 
349 
349 
349 
349 
349 
349 
349 
349 
349 
349 
349 
349 
349 
349 
350 
350 
350 
350 
351 
351 
351 
351 
352 
353 
354 
355 
356 
357 
358 
359 
360 
361 
361 
361 
361 
361 
361 
361 
361 
361 
361 
361 
361 
361 
361 
361 
361 
361 
361 
361 
361 
361 
361 
361 
361 
361 
361 
361 
361 
361 
361 
361 
361 
361 
361 
361 
361 
361 
361 
361 
361 
361 
361 
361 
361 
361 
361 
361 
361 
361 
361 
361 
361 
361 
361 
361 
361 
361 
361 
361 
361 
361 
361 
361 
361 
361 
361 
361 
361 
361 
361 
361 
361 
361 
361 
361 
361 
361 
361 
361 
361 
361 
361 
361 
361 
361 
361 
362 
362 
362 
362 
363 
363 
363 
364 
365 
365 
365 
365 
365 
366 
366 
366 
367 
367 
368 
368 
368 
368 
368 
368 
368 
368 
368 
369 
370 
370 
370 
370 
370 
370 
370 
370 
370 
370 
371 
371 
372 
373 
374 
374 
374 
374 
374 
375 
375 
375 
375 
375 
375 
375 
375 
375 
375 
375 
376 
377 
378 
379 
379 
379 
379 
379 
380 
381 
381 
381 
382 
382 
382 
382 
383 
383 
384 
386 
387 
388 
388 
388 
389 
389 
389 
390 
390 
390 
390 
391 
391 
392 
393 
393 
393 
394 
394 
394 
395 
396 
396 
396 
397 
397 
398 
398 
398 
398 
399 
401 
403 
404 
404 
404 
404 
404 
404 
404 
405 
406 
407 
409 
411 
413 
415 
416 
417 
418 
419 
420 
421 
423 
425 
426 
427 
428 
429 
430 
431 
433 
434 
435 
436 
437 
438 
439 
440 
441 
442 
443 
443 
443 
443 
443 
443 
443 
443 
443 
443 
443 
443 
443 
443 
443 
444 
444 
444 
445 
446 
447 
448 
449 
450 
451 
452 
452 
452 
452 
452 
452 
452 
452 
452 
452 
452 
452 
452 
452 
452 
452 
452 
452 
452 
452 
452 
452 
452 
452 
453 
453 
453 
454 
455 
456 
456 
456 
456 
456 
456 
457 
457 
457 
457 
457 
457 
457 
457 
457 
457 
457 
457 
457 
457 
457 
457 
457 
457 
457 
457 
457 
457 
457 
457 
457 
457 
457 
457 
457 
457 
457 
457 
457 
457 
457 
457 
457 
457 
457 
457 
457 
457 
457 
457 
457 
457 
457 
457 
457 
457 
457 
457 
457 
457 
457 
457 
457 
457 
457 
457 
457 
457 
457 
457 
457 
457 
457 
457 
457 
457 
457 
457 
457 
457 
457 
457 
457 
457 
457 
457 
457 
457 
457 
457 
457 
457 
457 
457 
457 
457 
457 
458 
458 
458 
458 
459 
459 
459 
460 
460 
460 
460 
460 
461 
461 
461 
461 
462 
463 
463 
463 
463 
463 
464 
465 
465 
465 
465 
466 
466 
466 
467 
467 
467 
467 
467 
467 
467 
467 
468 
469 
469 
469 
469 
469 
469 
469 
469 
470 
470 
470 
470 
470 
471 
472 
473 
473 
473 
473 
473 
473 
473 
474 
475 
476 
477 
477 
478 
479 
479 
479 
480 
480 
480 
480 
481 
481 
481 
482 
482 
483 
483 
483 
483 
483 
484 
484 
485 
487 
487 
487 
487 
487 
488 
489 
489 
489 
490 
491 
493 
495 
495 
496 
497 
498 
498 
498 
498 
499 
500 
500 
501 
501 
501 
502 
503 
503 
503 
503 
504 
505 
506 
507 
508 
509 
510 
511 
512 
513 
514 
514 
514 
515 
515 
515 
517 
519 
520 
520 
520 
520 
520 
520 
520 
520 
520 
520 
520 
520 
520 
520 
521 
521 
521 
521 
521 
521 
521 
521 
521 
522 
523 
524 
525 
525 
525 
525 
525 
525 
525 
525 
525 
526 
527 
528 
529 
530 
530 
530 
530 
530 
530 
531 
532 
533 
533 
533 
533 
533 
533 
533 
533 
533 
533 
533 
533 
533 
533 
533 
533 
533 
534 
535 
536 
537 
538 
538 
539 
540 
540 
540 
540 
540 
540 
541 
542 
542 
542 
542 
542 
542 
542 
542 
542 
542 
542 
542 
542 
542 
542 
542 
542 
542 
542 
542 
542 
542 
542 
542 
542 
542 
542 
542 
542 
542 
542 
542 
542 
542 
542 
542 
542 
542 
542 
542 
542 
542 
542 
542 
542 
542 
542 
542 
542 
542 
542 
542 
542 
542 
542 
542 
542 
542 
542 
542 
542 
542 
542 
542 
542 
542 
542 
542 
542 
542 
542 
542 
542 
542 
542 
542 
542 
542 
542 
542 
542 
542 
542 
542 
542 
542 
543 
543 
543 
543 
544 
544 
545 
545 
545 
545 
546 
546 
546 
546 
546 
546 
547 
547 
548 
548 
548 
548 
548 
548 
548 
548 
549 
549 
549 
549 
549 
550 
550 
551 
552 
552 
552 
552 
552 
552 
553 
554 
555 
556 
556 
556 
556 
556 
556 
556 
556 
556 
556 
556 
556 
556 
556 
556 
556 
556 
556 
557 
557 
557 
557 
557 
557 
557 
558 
559 
561 
562 
563 
564 
564 
564 
564 
565 
565 
565 
567 
568 
569 
571 
572 
572 
573 
573 
573 
573 
573 
573 
573 
574 
574 
574 
574 
574 
574 
574 
575 
576 
576 
577 
578 
578 
578 
578 
578 
579 
579 
579 
579 
579 
580 
581 
582 
583 
584 
585 
586 
588 
589 
590 
591 
591 
591 
591 
591 
591 
591 
591 
591 
591 
591 
591 
592 
593 
593 
593 
594 
594 
594 
594 
595 
596 
598 
599 
600 
601 
602 
603 
604 
604 
604 
604 
604 
604 
604 
605 
606 
607 
608 
609 
610 
610 
610 
610 
610 
610 
610 
610 
610 
610 
610 
610 
610 
610 
610 
610 
610 
610 
610 
611 
612 
612 
612 
612 
612 
612 
612 
612 
612 
612 
612 
613 
614 
615 
616 
617 
618 
619 
620 
621 
621 
621 
621 
621 
621 
621 
621 
621 
622 
623 
624 
625 
626 
626 
626 
626 
626 
626 
626 
626 
626 
626 
626 
626 
626 
626 
626 
626 
626 
626 
626 
626 
626 
626 
626 
626 
626 
626 
626 
626 
626 
626 
626 
626 
626 
626 
626 
626 
626 
626 
626 
626 
626 
626 
626 
626 
626 
626 
626 
626 
626 
626 
626 
626 
626 
626 
626 
626 
626 
626 
626 
626 
626 
626 
626 
626 
626 
626 
626 
626 
626 
626 
626 
626 
626 
626 
626 
626 
626 
626 
626 
626 
626 
626 
626 
626 
627 
