0 
1 
1 
1 
1 
2 
2 
2 
2 
2 
3 
3 
3 
3 
3 
3 
3 
4 
4 
4 
4 
4 
4 
4 
4 
4 
4 
5 
5 
5 
6 
7 
7 
7 
7 
7 
7 
7 
7 
7 
7 
7 
8 
9 
10 
10 
10 
10 
10 
10 
11 
11 
11 
11 
11 
11 
11 
11 
11 
11 
11 
11 
11 
11 
11 
11 
11 
11 
11 
12 
13 
13 
13 
14 
14 
14 
14 
15 
16 
17 
18 
20 
20 
21 
21 
21 
21 
21 
22 
22 
22 
22 
23 
25 
26 
27 
28 
29 
31 
32 
33 
34 
36 
37 
38 
39 
40 
41 
42 
43 
45 
47 
49 
51 
53 
54 
55 
56 
58 
60 
61 
62 
63 
64 
65 
66 
67 
68 
69 
70 
71 
72 
73 
74 
75 
76 
77 
78 
79 
81 
82 
83 
85 
87 
89 
90 
92 
94 
96 
97 
97 
97 
97 
97 
97 
97 
97 
97 
98 
99 
99 
99 
99 
99 
99 
99 
100 
101 
102 
102 
102 
102 
102 
102 
102 
102 
102 
102 
102 
102 
102 
102 
102 
102 
102 
102 
103 
104 
105 
106 
107 
108 
109 
109 
109 
109 
109 
109 
109 
109 
109 
109 
109 
109 
109 
109 
109 
109 
109 
109 
109 
109 
109 
109 
109 
109 
109 
109 
109 
109 
109 
109 
109 
109 
109 
109 
109 
109 
109 
109 
109 
109 
109 
109 
109 
109 
109 
109 
109 
109 
109 
109 
109 
109 
109 
109 
109 
109 
109 
109 
109 
109 
109 
109 
109 
109 
109 
109 
109 
109 
109 
109 
109 
109 
109 
109 
109 
109 
109 
109 
109 
109 
109 
109 
109 
109 
109 
109 
109 
109 
109 
109 
109 
109 
109 
109 
109 
109 
109 
109 
109 
109 
109 
109 
109 
109 
109 
109 
109 
109 
110 
110 
110 
111 
111 
111 
111 
112 
112 
112 
112 
113 
114 
114 
114 
115 
115 
115 
115 
115 
116 
116 
117 
117 
117 
117 
117 
117 
117 
117 
118 
118 
118 
118 
119 
120 
120 
120 
120 
120 
120 
120 
121 
121 
121 
121 
122 
123 
123 
123 
123 
123 
123 
124 
125 
126 
126 
126 
126 
126 
126 
127 
128 
128 
128 
128 
128 
128 
128 
128 
130 
131 
131 
132 
132 
132 
132 
133 
133 
133 
133 
134 
135 
135 
135 
136 
137 
138 
138 
139 
139 
141 
142 
142 
142 
142 
142 
142 
144 
145 
146 
148 
150 
151 
151 
151 
151 
151 
151 
151 
152 
152 
152 
152 
153 
153 
153 
153 
153 
154 
155 
156 
156 
157 
158 
159 
159 
160 
161 
162 
162 
162 
162 
162 
162 
162 
162 
162 
162 
162 
162 
162 
162 
162 
162 
163 
164 
164 
164 
164 
165 
166 
167 
168 
168 
169 
170 
170 
170 
170 
170 
170 
170 
170 
170 
171 
172 
173 
174 
174 
174 
174 
174 
174 
174 
175 
175 
175 
175 
175 
175 
175 
176 
176 
176 
176 
176 
176 
176 
176 
176 
176 
177 
178 
178 
178 
178 
178 
178 
178 
178 
178 
178 
178 
178 
178 
178 
178 
178 
179 
180 
181 
182 
183 
184 
185 
186 
187 
188 
188 
188 
188 
188 
188 
188 
188 
188 
188 
188 
188 
188 
188 
188 
188 
188 
188 
188 
188 
188 
188 
188 
188 
188 
188 
188 
188 
188 
188 
188 
188 
188 
188 
188 
188 
188 
188 
188 
188 
188 
188 
188 
188 
188 
188 
188 
188 
188 
188 
188 
188 
188 
188 
188 
188 
188 
188 
188 
188 
188 
188 
188 
188 
188 
188 
188 
188 
188 
188 
188 
188 
188 
188 
188 
188 
188 
188 
188 
188 
188 
188 
189 
189 
189 
190 
190 
190 
190 
190 
191 
191 
191 
192 
193 
193 
193 
194 
194 
194 
194 
194 
194 
195 
195 
195 
195 
195 
195 
195 
196 
197 
198 
199 
199 
199 
199 
199 
199 
199 
199 
199 
199 
199 
199 
199 
199 
199 
200 
200 
200 
200 
200 
200 
201 
201 
202 
203 
204 
204 
204 
204 
204 
204 
204 
204 
204 
204 
204 
205 
205 
205 
206 
206 
206 
206 
208 
209 
209 
211 
211 
212 
212 
213 
213 
214 
214 
214 
215 
216 
217 
218 
220 
220 
220 
220 
220 
220 
220 
220 
221 
222 
223 
223 
223 
223 
224 
225 
225 
226 
227 
228 
229 
230 
230 
231 
232 
233 
234 
235 
236 
236 
237 
237 
237 
238 
239 
240 
241 
242 
242 
242 
242 
242 
242 
243 
243 
243 
243 
243 
243 
244 
244 
244 
244 
244 
244 
244 
245 
247 
249 
251 
252 
252 
252 
252 
253 
253 
253 
253 
253 
253 
253 
253 
253 
253 
253 
253 
254 
255 
256 
257 
258 
258 
258 
258 
258 
258 
258 
258 
258 
258 
258 
258 
259 
259 
259 
259 
259 
259 
260 
261 
261 
261 
261 
262 
262 
262 
262 
263 
264 
265 
266 
267 
267 
267 
267 
267 
268 
269 
270 
271 
271 
271 
271 
271 
271 
271 
271 
271 
271 
271 
271 
271 
271 
271 
271 
271 
271 
271 
271 
271 
271 
271 
271 
271 
271 
271 
271 
271 
271 
271 
271 
271 
271 
271 
271 
271 
271 
271 
271 
271 
271 
271 
271 
271 
271 
271 
271 
271 
271 
271 
271 
271 
271 
271 
271 
271 
271 
271 
271 
271 
271 
271 
271 
271 
271 
271 
271 
271 
271 
271 
271 
271 
271 
271 
271 
271 
271 
271 
271 
271 
271 
271 
271 
271 
271 
271 
271 
271 
271 
271 
272 
272 
272 
272 
273 
273 
273 
274 
274 
274 
274 
275 
275 
275 
275 
275 
276 
276 
276 
276 
276 
277 
277 
278 
279 
279 
279 
280 
280 
280 
281 
281 
281 
281 
281 
281 
281 
281 
281 
281 
281 
281 
281 
281 
281 
282 
282 
282 
282 
282 
283 
284 
285 
286 
286 
286 
286 
286 
286 
286 
286 
286 
286 
286 
287 
287 
287 
287 
288 
289 
291 
292 
293 
294 
294 
294 
295 
295 
295 
296 
298 
298 
298 
298 
299 
300 
300 
300 
300 
300 
300 
300 
300 
300 
301 
302 
303 
303 
304 
305 
305 
305 
306 
307 
308 
309 
310 
310 
311 
312 
313 
314 
314 
315 
316 
317 
317 
317 
317 
317 
317 
317 
317 
317 
317 
317 
318 
318 
319 
319 
319 
320 
321 
321 
321 
321 
321 
321 
321 
321 
322 
324 
325 
326 
327 
328 
329 
330 
330 
330 
330 
330 
330 
330 
331 
332 
333 
334 
334 
334 
334 
334 
334 
334 
334 
334 
334 
334 
334 
334 
334 
334 
334 
334 
334 
334 
334 
334 
334 
334 
334 
335 
335 
335 
335 
335 
335 
336 
337 
338 
339 
339 
339 
339 
339 
339 
339 
339 
339 
339 
339 
339 
340 
340 
340 
340 
340 
340 
341 
342 
343 
344 
344 
344 
344 
344 
344 
344 
345 
346 
346 
346 
346 
346 
346 
346 
346 
346 
346 
346 
346 
346 
346 
346 
346 
346 
346 
346 
346 
346 
346 
346 
346 
346 
346 
346 
346 
346 
346 
346 
346 
346 
346 
346 
346 
346 
346 
346 
346 
346 
346 
346 
346 
346 
346 
346 
346 
346 
346 
346 
346 
346 
346 
346 
346 
346 
346 
346 
346 
346 
346 
346 
346 
346 
346 
346 
346 
346 
346 
346 
346 
346 
346 
346 
346 
346 
346 
346 
346 
346 
347 
347 
347 
348 
348 
348 
349 
349 
349 
350 
350 
350 
350 
350 
351 
352 
352 
352 
353 
353 
354 
354 
354 
354 
354 
354 
355 
355 
355 
355 
355 
355 
355 
356 
357 
358 
358 
358 
358 
358 
358 
358 
358 
358 
358 
358 
358 
358 
358 
358 
359 
359 
359 
359 
359 
360 
361 
362 
362 
363 
363 
363 
363 
363 
363 
363 
363 
363 
363 
363 
364 
364 
365 
367 
367 
367 
368 
370 
371 
371 
371 
372 
372 
373 
374 
375 
376 
376 
376 
376 
377 
378 
378 
379 
379 
379 
380 
380 
380 
380 
380 
380 
380 
380 
381 
383 
385 
387 
388 
389 
390 
391 
392 
394 
395 
396 
397 
398 
399 
400 
402 
403 
404 
405 
406 
407 
408 
409 
410 
411 
413 
415 
417 
418 
419 
420 
421 
423 
425 
427 
428 
429 
430 
431 
433 
435 
436 
437 
438 
439 
439 
439 
439 
439 
439 
439 
439 
439 
439 
439 
440 
440 
440 
440 
440 
440 
440 
440 
440 
440 
441 
442 
443 
444 
445 
445 
445 
445 
445 
445 
445 
445 
445 
445 
445 
445 
445 
445 
445 
445 
445 
445 
445 
445 
445 
445 
446 
446 
446 
446 
446 
447 
448 
449 
450 
450 
450 
450 
450 
450 
450 
451 
451 
451 
452 
453 
454 
455 
456 
457 
457 
457 
457 
457 
457 
457 
457 
457 
457 
457 
457 
457 
457 
457 
457 
457 
457 
457 
457 
457 
457 
457 
457 
457 
457 
457 
457 
457 
457 
457 
457 
