0.56
2.0
2.0
2.0
2.0
2.44
3.08
3.72
4.0
4.12
4.52
4.96
5.4
5.72
6.08
6.44
6.96
7.12
7.36
7.64
8.16
8.48
8.76
8.96
9.32
9.64
10.0
10.36
10.6
10.8
11.16
11.32
11.48
11.6
11.8
11.88
11.92
12.2
12.44
12.88
12.96
13.28
13.56
13.76
13.92
14.12
14.24
14.32
14.56
14.72
14.84
15.0
15.28
15.44
15.52
15.8
15.96
16.08
16.2
16.32
16.44
16.6
16.76
16.8
16.84
16.96
17.28
17.48
17.6
17.72
17.8
18.12
18.4
18.48
18.68
18.76
18.88
19.12
19.28
19.4
19.64
19.88
20.04
20.16
20.2
20.32
20.56
20.64
20.68
20.88
20.96
21.04
21.12
21.36
21.52
21.6
21.68
21.72
21.8
21.84
21.96
22.16
22.32
22.44
22.6
22.68
22.72
22.84
23.0
23.16
23.24
23.32
23.4
23.48
23.52
23.56
23.64
23.88
24.0
24.2
24.24
24.48
24.64
24.72
24.84
24.92
24.96
25.16
25.32
25.48
25.52
25.6
25.68
25.72
25.8
25.96
26.0
26.08
26.24
26.32
26.36
26.4
26.44
26.68
26.84
26.92
27.08
27.28
27.4
27.44
27.56
27.72
27.76
27.84
28.08
28.16
28.24
28.36
28.48
28.6
28.68
28.84
28.88
28.96
29.08
29.08
29.08
29.16
29.36
29.44
29.44
29.76
29.88
29.96
30.12
30.24
30.4
30.44
30.44
30.48
30.48
30.6
30.76
30.76
30.92
31.0
31.08
31.08
31.16
31.2
31.28
31.4
31.52
31.56
31.6
31.76
31.88
32.0
32.2
32.28
32.36
32.48
32.56
32.6
32.68
32.72
32.8
32.92
32.96
33.0
33.04
33.12
33.36
33.4
33.4
33.52
33.52
33.68
33.72
33.84
34.04
34.12
34.12
34.2
34.44
34.44
34.56
34.6
34.64
34.76
34.84
34.84
35.08
35.28
35.28
35.4
35.48
35.52
35.56
35.64
35.72
35.8
35.88
36.04
36.24
36.32
36.4
36.52
36.6
36.64
36.68
36.84
36.92
36.96
37.04
37.16
37.32
37.36
37.36
37.36
37.44
37.56
37.68
37.8
37.88
38.0
38.08
38.12
38.16
38.24
38.28
38.32
38.48
38.56
38.68
38.72
38.76
38.76
38.84
38.88
38.92
38.92
39.0
39.08
39.12
39.16
39.16
39.28
39.32
39.4
39.56
39.6
39.68
39.76
39.76
39.84
39.88
39.88
40.04
40.04
40.04
40.04
40.04
40.04
40.04
40.04
40.04
40.04
40.04
40.04
40.04
40.04
40.04
40.04
40.04
40.04
40.04
40.04
40.04
40.04
40.04
40.04
40.04
40.04
40.04
40.04
40.04
40.04
40.04
40.04
40.04
40.04
40.04
40.04
40.04
40.04
40.04
40.04
40.04
40.04
40.04
40.04
40.04
40.04
40.04
40.04
40.04
40.04
40.04
40.04
40.04
40.04
40.04
40.04
40.04
40.04
40.04
40.04
40.04
40.04
40.04
40.04
40.04
40.04
40.04
40.04
40.04
40.04
40.04
40.04
40.04
40.04
40.04
40.04
40.04
40.04
40.04
40.04
40.04
40.04
40.04
40.04
40.04
40.04
40.04
40.04
40.04
40.04
40.04
40.04
40.04
40.04
40.04
40.04
40.04
40.04
40.04
40.04
40.04
40.04
40.04
40.04
40.04
40.04
40.04
40.04
40.04
40.04
40.04
40.04
40.04
40.04
40.04
40.04
40.04
40.04
40.04
40.04
40.04
40.04
40.04
40.04
40.04
40.04
40.04
40.04
40.04
40.04
40.04
40.04
40.04
40.04
40.04
40.04
40.04
40.04
40.04
40.04
40.04
40.04
40.04
40.04
40.04
40.04
40.04
40.04
40.04
40.04
40.04
40.04
40.04
40.04
40.04
40.04
40.04
40.04
40.04
40.04
40.04
40.04
40.04
40.04
40.04
40.04
40.04
40.04
40.04
40.04
40.04
40.04
40.04
40.04
40.04
40.04
40.04
40.04
40.04
40.04
40.04
40.04
40.04
40.04
40.04
40.04
40.04
40.04
40.04
40.04
40.04
40.04
40.04
40.04
40.04
40.04
40.04
40.04
40.04
40.04
40.04
40.04
40.04
40.04
40.04
40.04
40.04
40.04
40.04
40.04
40.04
40.04
40.04
40.04
40.04
40.04
40.04
40.04
40.04
40.04
40.04
40.04
40.04
40.04
40.04
40.04
40.04
40.04
40.04
40.04
40.04
40.04
40.04
40.04
40.04
40.04
40.04
40.04
40.04
40.04
40.04
40.04
40.04
40.04
40.04
40.04
40.04
40.04
40.04
40.04
40.04
40.04
40.04
40.04
40.04
40.04
40.04
40.04
40.04
40.04
40.04
40.04
40.04
40.04
40.04
40.04
40.04
40.04
40.04
40.04
40.04
40.04
40.04
40.04
40.04
40.04
40.04
40.04
40.04
40.04
40.04
40.04
40.04
40.04
40.04
40.04
40.04
40.04
40.04
40.04
40.04
40.04
40.04
40.04
40.04
40.04
40.04
40.04
40.04
40.04
40.04
40.04
40.2
40.2
40.2
40.24
40.32
40.32
40.32
40.36
40.36
40.36
40.36
40.36
40.36
40.4
40.48
40.52
40.76
40.88
41.0
41.2
41.24
41.32
41.36
41.4
41.48
41.48
41.52
41.56
41.56
41.56
41.64
41.72
41.72
41.72
41.84
41.92
41.92
42.0
42.04
42.12
42.2
42.28
42.28
42.36
42.4
42.52
42.52
42.56
42.6
42.64
42.8
42.92
43.0
43.04
43.08
43.16
43.16
43.2
43.28
43.32
43.4
43.44
43.44
43.52
43.52
43.56
43.6
43.64
43.68
43.84
43.88
43.96
44.04
44.04
44.08
44.12
44.2
44.2
44.2
44.2
44.24
44.28
44.32
44.32
44.32
44.32
44.36
44.44
44.48
44.52
44.56
44.64
44.72
44.8
44.8
44.84
44.92
44.92
44.96
44.96
45.0
45.0
45.0
45.0
45.0
45.0
45.04
45.04
45.08
45.08
45.08
45.12
45.12
45.12
45.12
45.2
45.2
45.24
45.28
45.28
45.32
45.36
45.4
45.4
45.44
45.48
45.48
45.48
45.56
45.6
45.64
45.68
45.72
45.76
45.76
45.76
45.76
45.76
45.76
45.88
45.92
46.0
46.0
46.04
46.04
46.04
46.04
46.08
46.08
46.12
46.12
46.2
46.2
46.32
46.36
46.4
46.4
46.44
46.44
46.52
46.52
46.52
46.52
46.52
46.52
46.56
46.56
46.56
46.64
46.64
46.64
46.68
46.68
46.72
46.72
46.84
46.88
46.92
47.0
47.04
47.04
47.04
47.04
47.04
47.04
47.04
47.04
47.04
47.04
47.04
47.04
47.04
47.04
47.04
47.08
47.08
47.12
47.16
47.2
47.2
47.24
47.24
47.24
47.24
47.28
47.28
47.32
47.32
47.4
47.4
47.52
47.52
47.56
47.6
47.64
47.68
47.68
47.68
47.72
47.76
47.8
47.8
47.88
47.92
47.92
47.92
47.96
47.96
47.96
47.96
48.08
48.08
48.08
48.08
48.2
48.2
48.24
48.28
48.32
48.36
48.36
48.36
48.4
48.4
48.48
48.56
48.6
48.6
48.68
48.68
48.68
48.72
48.72
48.72
48.76
48.76
48.76
48.8
48.84
48.84
48.88
48.88
48.96
48.96
49.0
49.0
49.0
49.08
49.12
49.12
49.16
49.24
49.24
49.24
49.24
49.24
49.28
49.32
49.32
49.32
49.36
49.4
49.44
49.44
49.48
49.48
49.52
49.52
49.56
49.56
49.6
49.6
49.6
49.6
49.6
49.64
49.68
49.76
49.8
49.8
49.8
49.8
49.8
49.8
49.8
49.8
49.8
49.8
49.8
49.8
49.8
49.8
49.8
49.8
49.8
49.8
49.8
49.8
49.8
49.8
49.8
49.8
49.8
49.8
49.8
49.8
49.8
49.8
49.8
49.8
49.8
49.8
49.8
49.8
49.8
49.8
49.8
49.8
49.8
49.8
49.8
49.8
49.8
49.8
49.8
49.8
49.8
49.8
49.8
49.8
49.8
49.8
49.8
49.8
49.8
49.8
49.8
49.8
49.8
49.8
49.8
49.8
49.8
49.8
49.8
49.8
49.8
49.8
49.8
49.8
49.8
49.8
49.8
49.8
49.8
49.8
49.8
49.8
49.8
49.8
49.8
49.8
49.8
49.8
49.8
49.8
49.8
49.8
49.8
49.8
49.8
49.8
49.8
49.8
49.8
49.8
49.8
49.8
49.8
49.8
49.8
49.8
49.8
49.8
49.8
49.8
49.8
49.8
49.8
49.8
49.8
49.8
49.8
49.8
49.8
49.8
49.8
49.8
49.8
49.8
49.8
49.8
49.8
49.8
49.8
49.8
49.8
49.8
49.8
49.8
49.8
49.8
49.8
49.8
49.8
49.8
49.8
49.8
49.8
49.8
49.8
49.8
49.8
49.8
49.8
49.8
49.8
49.8
49.8
49.8
49.8
49.8
49.8
49.8
49.8
49.8
49.8
49.8
49.8
49.8
49.8
49.8
49.8
49.8
49.8
49.8
49.8
49.8
49.8
49.8
49.8
49.8
49.8
49.8
49.8
49.8
49.8
49.8
49.8
49.8
49.8
49.8
49.8
49.8
49.8
49.8
49.8
49.8
49.8
49.8
49.8
49.8
49.8
49.8
49.8
49.8
49.8
49.8
49.8
49.8
49.8
49.8
49.8
49.8
49.8
49.8
49.8
49.8
49.8
49.8
49.8
49.8
49.8
49.8
49.8
49.8
49.8
49.8
49.8
49.8
49.8
49.8
49.8
49.8
49.8
49.8
49.8
49.8
49.8
49.8
49.8
49.8
49.8
49.8
49.8
49.8
49.8
49.8
49.8
49.8
49.8
49.8
49.8
49.8
49.8
49.8
49.8
49.8
49.8
49.8
49.8
49.8
49.8
49.8
49.8
49.8
49.8
49.8
49.8
49.8
49.8
49.8
49.8
49.8
49.8
49.8
49.8
49.8
49.8
49.8
49.8
49.8
49.8
49.8
49.8
49.8
49.8
49.8
49.8
49.8
49.8
49.8
49.8
49.8
49.8
49.8
49.8
49.8
49.8
49.8
49.8
49.8
49.8
49.8
49.8
49.8
49.8
49.8
49.8
49.8
49.8
49.8
49.8
49.8
49.8
49.8
49.8
49.8
49.8
49.8
49.8
49.8
49.84
49.88
49.88
49.88
49.92
50.0
50.0
50.08
50.2
50.2
50.2
50.24
50.28
50.32
50.32
50.36
50.36
50.36
50.36
50.4
50.4
50.4
50.44
50.48
50.48
50.52
50.52
50.6
50.64
50.68
50.68
50.76
50.76
50.76
50.76
50.76
50.76
50.76
50.76
50.76
50.76
50.8
50.8
50.84
50.84
50.88
50.88
50.88
50.88
50.88
50.92
50.92
50.96
51.0
51.04
51.04
51.04
51.08
51.08
51.08
51.08
51.12
51.12
51.16
51.24
51.24
51.28
51.36
51.36
51.4
51.4
51.44
51.44
51.48
51.48
51.48
51.48
51.52
51.52
51.52
51.52
51.52
51.56
51.56
51.56
51.6
51.64
51.64
51.64
51.64
51.68
51.68
51.72
51.72
51.72
51.72
51.72
51.72
51.72
51.72
51.72
51.72
51.72
51.72
51.76
51.76
51.76
51.76
51.84
51.84
51.84
51.84
51.84
51.84
51.84
51.84
51.84
51.84
51.84
51.88
51.88
51.92
51.96
51.96
52.0
52.0
52.0
52.0
52.0
52.0
52.0
52.0
52.0
52.0
52.0
52.0
52.0
52.04
52.04
52.04
52.08
52.08
52.08
52.08
52.12
52.12
52.12
52.12
52.12
52.12
52.12
52.12
52.12
52.12
52.12
52.16
52.16
52.16
52.2
52.2
52.2
52.2
52.2
52.2
52.2
52.2
52.2
52.2
52.2
52.2
52.2
52.2
52.2
52.2
52.2
52.2
52.2
52.2
52.2
52.2
52.2
52.2
52.2
52.2
52.2
52.2
52.2
52.2
52.2
52.2
52.2
52.2
52.2
52.2
52.24
52.24
52.24
52.28
52.28
52.28
52.28
52.28
52.28
52.28
52.28
52.28
52.28
52.28
52.28
52.28
52.28
52.28
52.28
52.32
52.32
52.32
52.36
52.36
52.36
52.36
52.4
52.4
52.4
52.4
52.44
52.44
52.44
52.44
52.44
52.44
52.44
52.44
52.44
52.44
52.44
52.44
52.44
52.44
52.44
52.44
52.44
52.44
52.44
52.44
52.44
52.44
52.44
52.44
52.44
52.44
52.44
52.44
52.44
52.48
52.48
52.48
52.48
52.48
52.48
52.48
52.48
52.48
52.48
52.48
52.48
52.48
52.48
52.48
52.48
52.48
52.48
52.48
52.48
52.48
52.48
52.48
52.48
52.48
52.48
52.48
52.48
52.48
52.48
52.48
52.48
52.48
52.48
52.48
52.48
52.48
52.48
52.48
52.48
52.48
52.48
52.48
52.48
52.48
52.48
52.48
52.48
52.48
52.48
52.48
52.48
52.48
52.48
52.48
52.48
52.48
52.48
52.48
52.48
52.48
52.48
52.48
52.48
52.48
52.48
52.48
52.48
52.48
52.48
52.48
52.48
52.48
52.48
52.48
52.48
52.48
52.48
52.48
52.48
52.48
52.48
52.48
52.48
52.48
52.48
52.48
52.48
52.48
52.48
52.48
52.48
52.48
52.48
52.48
52.48
52.48
52.48
52.48
52.48
52.48
52.48
52.48
52.48
52.48
52.48
52.48
52.48
52.48
52.48
52.48
52.48
52.48
52.48
52.48
52.48
52.48
52.48
52.48
52.48
52.48
52.48
52.48
52.48
52.48
52.48
52.48
52.48
52.48
52.48
52.48
52.48
52.48
52.48
52.48
52.48
52.48
52.48
52.48
52.48
52.48
52.48
52.48
52.48
52.48
52.48
52.48
52.48
52.48
52.48
52.48
52.48
52.48
52.48
52.48
52.48
52.48
52.48
52.48
52.48
52.48
52.48
52.48
52.48
52.48
52.48
52.48
52.48
52.48
52.48
52.48
52.48
52.48
52.48
52.48
52.48
52.48
52.48
52.48
52.48
52.48
52.48
52.48
52.48
52.48
52.48
52.48
52.48
52.48
52.48
52.48
52.48
52.48
52.48
52.48
52.48
52.48
52.48
52.48
52.48
52.48
52.48
52.48
52.48
52.48
52.48
52.48
52.48
52.48
52.48
52.48
52.48
52.48
52.48
52.48
52.48
52.48
52.48
52.48
52.48
52.48
52.48
52.48
52.48
52.48
52.48
52.48
52.48
52.48
52.48
52.48
52.48
52.48
52.48
52.48
52.48
52.48
52.48
52.48
52.48
52.48
52.48
52.48
52.48
52.48
52.48
52.48
52.48
52.48
52.48
52.48
52.48
52.48
52.48
52.48
52.48
52.48
52.48
52.48
52.48
52.48
52.48
52.48
52.48
52.48
52.48
52.48
52.48
52.48
52.48
52.48
52.48
52.48
52.48
52.48
52.48
52.48
52.48
52.48
52.48
52.48
52.48
52.48
52.48
52.48
52.48
52.48
52.48
52.48
52.48
52.48
52.48
52.48
52.48
52.48
52.48
52.48
52.48
52.48
52.48
52.48
52.48
52.48
52.48
52.48
52.48
52.48
52.48
52.48
52.48
52.48
52.48
52.48
52.48
52.48
52.48
52.48
52.48
52.48
52.48
52.48
52.48
52.48
52.48
52.48
52.48
52.48
52.48
52.48
52.48
52.48
52.48
52.48
52.48
52.48
52.48
52.48
52.48
52.48
52.48
52.48
52.48
52.48
52.48
52.48
52.48
52.48
52.48
52.48
52.48
52.48
52.52
52.52
52.52
52.52
52.52
52.52
52.52
52.52
52.52
52.52
52.52
52.52
52.52
52.56
52.56
52.56
52.56
52.56
52.56
52.56
52.56
52.56
52.56
52.56
52.56
52.56
52.56
52.56
52.56
52.56
52.56
52.56
52.56
52.56
52.56
52.56
52.56
52.56
52.56
52.56
52.56
52.56
52.56
52.56
52.56
52.56
52.56
52.56
52.56
52.56
52.56
52.56
52.56
52.56
52.56
52.56
52.56
52.56
52.56
52.56
52.56
52.56
52.56
52.56
52.56
52.56
52.56
52.56
52.56
52.56
52.56
52.56
52.56
52.56
52.56
52.56
52.56
52.56
52.56
52.56
52.56
52.56
52.56
52.56
52.56
52.56
52.56
52.56
52.56
52.56
52.56
52.56
52.56
52.56
52.56
52.56
52.56
52.56
52.56
52.56
52.56
52.56
52.56
52.56
52.56
52.56
52.56
52.56
52.56
52.56
52.56
52.56
52.56
52.56
52.56
52.56
52.56
52.56
52.56
52.56
52.56
52.56
52.56
52.56
52.56
52.56
52.56
52.56
52.56
52.56
52.56
52.56
52.56
52.56
52.56
52.56
52.56
52.56
52.56
52.56
52.56
52.56
52.56
52.56
52.56
52.56
52.56
52.56
52.56
52.56
52.56
52.56
52.56
52.56
52.56
52.56
52.56
52.56
52.56
52.56
52.56
52.56
52.56
52.56
52.56
52.56
52.56
52.56
52.56
52.56
52.56
52.56
52.56
52.56
52.56
52.56
52.56
52.56
52.56
52.56
52.56
52.56
52.56
52.56
52.56
52.56
52.56
52.56
52.56
52.56
52.56
52.56
52.56
52.56
52.56
52.56
52.56
52.56
52.56
52.56
52.56
52.56
52.56
52.56
52.56
52.56
52.56
52.56
52.56
52.56
52.56
52.56
52.56
52.56
52.56
52.56
52.56
52.56
52.56
52.56
52.56
52.56
52.56
52.56
52.56
52.56
52.56
52.56
52.56
52.56
52.56
52.56
52.56
52.56
52.56
52.56
52.56
52.56
52.56
52.56
52.56
52.56
52.56
52.56
52.56
52.56
52.56
52.56
52.56
52.56
52.56
52.56
52.56
52.56
52.56
52.56
52.56
52.56
52.56
52.56
52.56
52.56
52.56
52.56
52.56
52.56
52.56
52.56
52.56
52.56
52.56
52.56
52.56
52.56
52.56
52.56
52.56
52.56
52.56
52.56
52.56
52.56
52.56
52.56
52.56
52.56
52.56
52.56
52.56
52.56
52.56
52.56
52.56
52.56
52.56
52.56
52.56
52.56
52.56
52.56
52.56
52.56
52.56
52.56
52.56
52.56
52.56
52.56
52.56
52.56
52.56
52.56
52.56
52.56
52.56
52.56
52.56
52.56
52.56
52.56
52.56
52.56
52.56
52.56
52.56
52.56
52.56
52.56
52.56
52.56
52.56
52.56
52.56
52.56
52.56
52.56
52.56
52.56
52.56
52.56
52.56
52.56
52.56
52.56
52.56
52.56
52.56
52.56
52.56
52.56
52.56
52.56
52.56
52.56
52.56
52.56
52.56
52.56
52.56
52.56
52.56
52.56
52.56
52.56
52.56
52.56
52.56
52.56
52.56
52.56
52.56
52.56
52.56
52.56
52.56
52.56
52.56
52.56
52.56
52.56
52.56
52.56
52.56
52.56
52.56
52.56
52.56
52.56
52.56
52.56
52.56
52.56
52.56
52.56
52.56
52.56
52.56
52.56
52.56
52.56
52.56
52.56
52.56
52.56
52.56
52.56
52.56
52.56
52.56
52.56
52.56
52.56
52.56
52.56
52.56
52.56
52.56
52.56
52.56
52.56
52.56
52.56
52.56
52.56
52.56
52.56
52.56
52.56
52.56
52.56
52.56
52.56
52.56
52.56
52.56
52.56
52.56
52.56
52.56
52.56
52.56
52.56
52.56
52.56
52.56
52.56
52.56
52.56
52.56
52.56
52.56
52.56
52.56
52.56
52.56
52.56
52.56
52.56
52.56
52.56
52.56
52.56
52.56
52.56
52.56
52.56
52.56
52.56
52.56
52.56
52.56
52.56
52.56
52.56
52.56
52.56
52.56
52.56
52.56
52.56
52.56
52.56
52.56
52.56
52.56
52.56
52.56
52.56
52.56
52.56
52.56
52.56
52.56
52.56
52.56
52.56
52.56
52.56
52.56
52.56
52.56
52.56
52.56
52.56
52.56
52.56
52.56
52.56
52.56
52.56
52.56
52.56
52.56
52.56
52.56
52.56
52.56
52.56
52.56
52.56
52.56
52.56
52.56
52.56
52.56
52.56
52.56
52.56
52.56
52.56
52.56
52.56
52.56
52.56
52.56
52.56
52.56
52.56
52.56
52.56
52.56
52.56
52.56
52.56
52.56
52.56
52.56
52.56
52.56
52.56
52.56
52.56
52.56
52.56
52.56
52.56
52.56
52.56
52.56
52.56
52.56
52.56
52.56
52.56
52.56
52.56
52.56
52.56
52.56
52.56
52.56
52.56
52.56
52.56
52.56
52.56
52.56
52.56
52.56
52.56
52.56
52.56
52.56
52.56
52.56
