0.0
0.0
0.0
0.0
0.0
0.0
0.0
0.0
0.0
0.0
0.0
0.0
0.0
0.0
0.0
0.0
0.0
0.0
0.0
0.0
0.0
0.0
0.0
0.0
0.0
0.0
0.0
0.0
0.0
0.0
0.0
0.0
0.0
0.0
0.0
0.0
0.0
0.0
0.0
0.0
0.0
0.0
0.0
0.0
0.0
0.0
0.0
0.0
0.0
0.0
0.0
0.0
0.0
0.0
0.0
0.0
0.0
0.0
0.0
0.0
0.0
0.0
0.0
0.0
0.0
0.0
0.0
0.0
0.0
0.0
0.0
0.0
0.0
0.0
0.0
0.0
0.0
0.0
0.0
0.0
0.0
0.0
0.0
0.0
0.0
0.0
0.0
0.0
0.0
0.0
0.0
0.0
0.0
0.0
0.0
0.0
0.0
0.0
0.0
0.0
0.0
0.0
0.0
0.0
0.0
0.0
0.0
0.0
0.0
0.0
0.0
0.0
0.0
0.0
0.0
0.0
0.0
0.0
0.0
0.0
0.0
0.0
0.0
0.0
0.0
0.0
0.0
0.0
0.0
0.0
0.0
0.0
0.0
0.0
0.0
0.0
0.0
0.0
0.0
0.0
0.0
0.0
0.0
0.0
0.0
0.0
0.0
0.0
0.0
0.0
0.0
0.0
0.0
0.0
0.0
0.0
0.0
0.0
0.0
0.0
0.0
0.0
0.0
0.0
0.0
0.0
0.0
0.0
0.0
0.0
0.0
0.0
0.0
0.0
0.0
0.0
0.0
0.0
0.0
0.0
0.0
0.0
0.0
0.0
0.0
0.0
0.0
0.0
0.0
0.0
0.0
0.0
0.0
0.0
0.0
0.0
0.0
0.0
0.0
0.0
0.0
0.0
0.0
0.0
0.0
0.0
0.0
0.0
0.0
0.0
0.0
0.0
0.0
0.0
0.0
0.0
0.0
0.0
0.0
0.0
0.0
0.0
0.0
0.0
0.0
0.0
0.0
0.0
0.0
0.0
0.0
0.0
0.0
0.0
0.0
0.0
0.0
0.0
0.0
0.0
0.0
0.0
0.0
0.0
0.0
0.0
0.0
0.0
0.0
0.0
0.0
0.0
0.0
0.0
0.0
0.0
0.0
0.0
0.0
0.0
0.0
0.0
0.0
0.0
0.0
0.0
0.0
0.0
0.0
0.0
0.0
0.0
0.0
0.0
0.0
0.0
0.0
0.0
0.0
0.0
0.0
0.0
0.0
0.0
0.0
0.0
0.0
0.0
0.0
0.0
0.0
0.0
0.0
0.0
0.0
0.0
0.0
0.0
0.0
0.0
1.16
1.16
1.16
1.48
2.08
2.28
2.28
2.56
2.76
2.84
2.88
2.92
2.96
3.04
3.04
3.08
3.08
3.16
3.16
3.16
3.16
3.2
3.24
3.24
3.28
3.32
3.52
3.64
3.76
3.76
3.84
4.04
4.16
4.28
4.56
4.6
4.72
4.76
4.92
4.96
5.08
5.28
5.28
5.36
5.56
5.6
5.84
6.0
6.2
6.2
6.28
6.44
6.48
6.56
6.76
6.8
6.88
6.96
7.08
7.2
7.44
7.56
7.6
7.76
7.8
7.84
8.08
8.24
8.36
8.44
8.56
8.72
8.76
8.76
8.88
9.0
9.08
9.12
9.4
9.52
9.64
9.72
9.76
9.8
9.96
10.08
10.2
10.32
10.4
10.52
10.6
10.6
10.76
10.92
11.04
11.16
11.24
11.32
11.4
11.56
11.68
11.8
11.88
12.0
12.0
12.2
12.28
12.36
12.48
12.56
12.64
12.72
12.8
12.92
13.12
13.2
13.2
13.36
13.44
13.44
13.56
13.68
13.84
13.92
13.96
14.12
14.16
14.2
14.28
14.28
14.4
14.6
14.68
14.88
14.88
14.96
15.0
15.04
15.08
15.24
15.28
15.4
15.56
15.64
15.72
15.72
15.76
15.88
15.88
15.92
16.0
16.0
16.04
16.12
16.2
16.24
16.32
16.44
16.52
16.56
16.6
16.68
16.68
16.72
16.8
16.84
16.92
16.96
17.0
17.08
17.12
17.12
17.16
17.2
17.24
17.28
17.32
17.36
17.4
17.4
17.44
17.48
17.48
17.52
17.6
17.68
17.72
17.72
17.72
17.72
17.84
17.84
17.84
17.88
17.92
17.92
17.92
18.0
18.0
18.0
18.0
18.04
18.08
18.08
18.16
18.2
18.2
18.24
18.28
18.28
18.28
18.28
18.28
18.32
18.32
18.32
18.32
18.36
18.36
18.36
18.36
18.4
18.44
18.44
18.44
18.48
18.48
18.48
18.56
18.56
18.56
18.56
18.6
18.6
18.64
18.68
18.68
18.68
18.68
18.68
18.68
18.68
18.68
18.68
18.68
18.72
18.76
18.76
18.76
18.76
18.8
18.8
18.8
18.8
18.8
18.8
18.8
18.8
18.8
18.84
18.84
18.84
18.84
18.84
18.84
18.84
18.84
18.84
18.84
18.84
18.84
18.84
18.84
18.84
18.84
18.84
18.84
18.84
18.84
18.84
18.84
18.84
18.84
18.84
18.84
18.84
18.84
18.84
18.84
18.84
18.84
18.84
18.84
18.84
18.84
18.84
18.84
18.84
18.84
18.84
18.84
18.84
18.84
18.84
18.84
18.84
18.84
18.84
18.84
18.84
18.84
18.84
18.84
18.84
18.84
18.84
18.84
18.84
18.84
18.84
18.84
18.84
18.84
18.84
18.84
18.84
18.84
18.84
18.84
18.84
18.84
18.84
18.84
18.84
18.84
18.84
18.84
18.84
18.84
18.84
18.84
18.84
18.84
18.84
18.84
18.84
18.84
18.84
18.84
18.84
18.84
18.84
18.84
18.84
18.84
18.84
18.84
18.84
18.84
18.84
18.84
18.84
18.84
18.84
18.84
18.84
18.84
18.84
18.84
18.84
18.84
18.84
18.84
18.84
18.84
18.84
18.84
18.84
18.84
18.84
18.84
18.84
18.84
18.84
18.84
18.84
18.84
18.84
18.84
18.84
18.84
18.84
18.84
18.84
18.84
18.84
18.84
18.84
18.84
18.84
18.84
18.84
18.84
18.84
18.84
18.84
18.84
18.84
18.84
18.84
18.84
18.84
18.84
18.84
18.84
18.84
18.84
18.84
18.84
18.84
18.84
18.84
18.84
18.84
18.84
18.84
18.84
18.84
18.84
18.84
18.84
18.84
18.84
18.84
18.84
18.84
18.84
18.84
18.84
18.84
18.84
18.84
18.84
18.84
18.84
18.84
18.84
18.84
18.84
18.84
18.84
18.84
18.84
18.84
18.84
18.84
18.84
18.84
18.84
18.84
18.84
18.84
18.84
18.84
18.84
18.84
18.84
18.84
18.84
18.84
18.84
18.84
18.84
18.84
18.84
18.84
18.84
18.84
18.84
18.84
18.84
18.84
18.84
18.84
18.84
18.84
18.84
18.84
18.84
18.84
18.84
18.84
18.84
18.84
18.84
18.84
18.84
18.84
18.84
18.84
18.84
18.84
18.84
18.84
18.84
18.84
18.84
18.84
18.84
18.84
18.84
18.84
18.84
18.84
18.84
18.84
18.84
18.84
18.84
18.84
18.84
18.84
18.84
18.84
18.84
18.84
18.84
18.84
18.84
18.84
18.84
18.84
18.84
18.84
18.84
18.84
18.84
18.84
18.84
18.84
18.84
18.84
18.84
18.84
18.84
18.84
18.84
18.84
18.84
18.84
18.84
18.84
18.84
18.84
18.84
18.84
18.84
18.84
18.84
18.84
18.84
18.84
18.84
18.84
18.84
18.84
18.84
18.84
18.84
18.84
18.84
18.84
18.84
18.84
18.84
18.84
18.84
18.84
18.84
18.84
18.84
18.84
18.84
18.84
18.84
18.84
18.84
18.84
18.84
18.84
18.84
18.84
18.84
18.84
18.84
18.84
18.84
18.84
18.84
18.84
18.84
18.84
18.84
18.84
18.84
18.84
18.92
18.92
18.92
18.92
18.92
18.92
18.92
18.92
18.92
18.92
18.92
18.92
18.92
18.92
19.0
19.0
19.0
19.0
19.0
19.0
19.0
19.0
19.04
19.08
19.08
19.08
19.08
19.12
19.12
19.12
19.16
19.16
19.16
19.24
19.24
19.24
19.24
19.28
19.32
19.32
19.32
19.32
19.32
19.36
19.4
19.4
19.4
19.4
19.44
19.44
19.44
19.48
19.52
19.52
19.52
19.56
19.56
19.56
19.56
19.56
19.56
19.56
19.6
19.6
19.6
19.6
19.64
19.64
19.64
19.64
19.64
19.64
19.64
19.64
19.64
19.64
19.64
19.64
19.64
19.68
19.68
19.68
19.68
19.68
19.68
19.68
19.68
19.72
19.72
19.72
19.72
19.76
19.76
19.76
19.76
19.76
19.8
19.8
19.8
19.84
19.84
19.84
19.88
19.88
19.88
19.88
19.88
19.88
19.92
19.92
19.96
19.96
19.96
19.96
19.96
19.96
19.96
19.96
20.0
20.0
20.04
20.04
20.04
20.04
20.08
20.12
20.12
20.12
20.12
20.12
20.12
20.12
20.12
20.12
20.12
20.12
20.12
20.16
20.16
20.16
20.2
20.2
20.2
20.2
20.2
20.2
20.2
20.2
20.2
20.2
20.2
20.2
20.2
20.2
20.2
20.2
20.2
20.2
20.2
20.2
20.2
20.2
20.2
20.2
20.2
20.2
20.2
20.2
20.2
20.2
20.2
20.2
20.2
20.2
20.2
20.2
20.2
20.2
20.2
20.2
20.2
20.2
20.2
20.2
20.2
20.2
20.2
20.2
20.2
20.2
20.2
20.2
20.2
20.2
20.2
20.2
20.2
20.2
20.2
20.2
20.2
20.2
20.2
20.2
20.2
20.2
20.2
20.2
20.2
20.2
20.2
20.2
20.2
20.2
20.2
20.2
20.2
20.2
20.2
20.2
20.2
20.2
20.2
20.2
20.2
20.2
20.2
20.2
20.2
20.2
20.2
20.2
20.2
20.2
20.2
20.2
20.2
20.2
20.2
20.2
20.2
20.2
20.2
20.2
20.2
20.2
20.2
20.2
20.2
20.2
20.2
20.2
20.2
20.2
20.2
20.2
20.2
20.2
20.2
20.2
20.2
20.2
20.2
20.2
20.2
20.2
20.2
20.2
20.2
20.2
20.2
20.2
20.2
20.2
20.2
20.2
20.2
20.2
20.2
20.2
20.2
20.2
20.2
20.2
20.2
20.2
20.2
20.2
20.2
20.2
20.2
20.2
20.2
20.2
20.2
20.2
20.2
20.2
20.2
20.2
20.2
20.2
20.2
20.2
20.2
20.2
20.2
20.2
20.2
20.2
20.2
20.2
20.2
20.2
20.2
20.2
20.2
20.2
20.2
20.2
20.2
20.2
20.2
20.2
20.2
20.2
20.2
20.2
20.2
20.2
20.2
20.2
20.2
20.2
20.2
20.2
20.2
20.2
20.2
20.2
20.2
20.2
20.2
20.2
20.2
20.2
20.2
20.2
20.2
20.2
20.2
20.2
20.2
20.2
20.2
20.2
20.2
20.2
20.2
20.2
20.2
20.2
20.2
20.2
20.2
20.2
20.2
20.2
20.2
20.2
20.2
20.2
20.2
20.2
20.2
20.2
20.2
20.2
20.2
20.2
20.2
20.2
20.2
20.2
20.2
20.2
20.2
20.2
20.2
20.2
20.2
20.2
20.2
20.2
20.2
20.2
20.2
20.2
20.2
20.2
20.2
20.2
20.2
20.2
20.2
20.2
20.2
20.2
20.2
20.2
20.2
20.2
20.2
20.2
20.2
20.2
20.2
20.2
20.2
20.2
20.2
20.2
20.2
20.2
20.2
20.2
20.2
20.2
20.2
20.2
20.2
20.2
20.2
20.2
20.2
20.2
20.2
20.2
20.2
20.2
20.2
20.2
20.2
20.2
20.2
20.2
20.2
20.2
20.2
20.2
20.2
20.2
20.2
20.2
20.2
20.2
20.2
20.2
20.2
20.2
20.2
20.2
20.2
20.2
20.2
20.2
20.2
20.2
20.2
20.2
20.2
20.2
20.2
20.2
20.2
20.2
20.2
20.2
20.2
20.2
20.2
20.2
20.2
20.2
20.2
20.2
20.2
20.2
20.2
20.2
20.2
20.2
20.2
20.2
20.2
20.2
20.2
20.2
20.2
20.2
20.2
20.2
20.2
20.2
20.2
20.2
20.2
20.2
20.2
20.2
20.2
20.2
20.2
20.2
20.2
20.2
20.2
20.2
20.2
20.2
20.2
20.2
20.2
20.2
20.2
20.2
20.2
20.2
20.2
20.2
20.2
20.2
20.2
20.2
20.2
20.2
20.2
20.2
20.2
20.2
20.2
20.2
20.2
20.2
20.2
20.2
20.2
20.2
20.2
20.2
20.2
20.2
20.2
20.2
20.2
20.2
20.2
20.2
20.2
20.2
20.2
20.2
20.2
20.2
20.2
20.2
20.2
20.2
20.2
20.2
20.2
20.2
20.2
20.2
20.2
20.2
20.2
20.2
20.2
20.2
20.2
20.2
20.2
20.2
20.2
20.2
20.2
20.2
20.2
20.2
20.2
20.2
20.2
20.2
20.2
20.2
20.2
20.2
20.2
20.2
20.2
20.2
20.2
20.2
20.2
20.2
20.2
20.2
20.2
20.2
20.2
20.2
20.2
20.2
20.2
20.2
20.2
20.2
20.2
20.2
20.2
20.2
20.2
20.2
20.2
20.2
20.2
20.2
20.2
20.2
20.2
20.2
20.2
20.2
20.2
20.2
20.2
20.2
20.2
20.2
20.2
20.2
20.2
20.2
20.2
20.2
20.2
20.2
20.2
20.2
20.2
20.2
20.2
20.2
20.2
20.2
20.2
20.2
20.2
20.2
20.2
20.2
20.2
20.2
20.2
20.2
20.2
20.2
20.2
20.2
20.2
20.2
20.2
20.2
20.2
20.2
20.2
20.2
20.2
20.2
20.2
20.2
20.2
20.2
20.2
20.2
20.2
20.2
20.2
20.2
20.2
20.2
20.2
20.2
20.2
20.2
20.2
20.2
20.2
20.2
20.2
20.2
20.2
20.2
20.2
20.2
20.2
20.2
20.2
20.2
20.2
20.2
20.2
20.2
20.2
20.2
20.2
20.2
20.2
20.2
20.2
20.2
20.2
20.2
20.2
20.2
20.2
20.2
20.2
20.2
20.2
20.2
20.2
20.2
20.2
20.2
20.2
20.2
20.2
20.2
20.2
20.2
20.2
20.2
20.2
20.2
20.2
20.2
20.2
20.2
20.2
20.2
20.2
20.2
20.2
20.2
20.2
20.2
20.2
20.2
20.2
20.2
20.2
20.2
20.2
20.2
20.2
20.2
20.2
20.2
20.2
20.2
20.2
20.2
20.2
20.2
20.2
20.2
20.2
20.2
20.2
20.2
20.2
20.2
20.2
20.2
20.2
20.2
20.2
20.2
20.2
20.2
20.2
20.2
20.2
20.2
20.2
20.2
20.2
20.2
20.2
20.2
20.2
20.2
20.2
20.2
20.2
20.2
20.2
20.2
20.2
20.2
20.2
20.2
20.2
20.2
20.2
20.2
20.2
20.2
20.2
20.2
20.2
20.2
20.2
20.2
20.2
20.2
20.2
20.2
20.2
20.2
20.2
20.2
20.2
20.2
20.2
20.2
20.2
20.2
20.2
20.2
20.2
20.2
20.2
20.2
20.2
20.2
20.2
20.2
20.2
20.2
20.2
20.2
20.2
20.2
20.2
20.2
20.2
20.2
20.2
20.2
20.2
20.2
20.2
20.2
20.2
20.2
20.2
20.2
20.2
20.2
20.2
20.2
20.2
20.2
20.2
20.2
20.2
20.2
20.2
20.2
20.2
20.2
20.2
20.2
20.2
20.2
20.2
20.2
20.2
20.2
20.2
20.2
20.2
20.2
20.2
20.2
20.2
20.2
20.2
20.2
20.2
20.2
20.2
20.2
20.2
20.2
20.2
20.2
20.2
20.2
20.2
20.2
20.2
20.2
20.2
20.2
20.2
20.2
20.2
20.2
20.2
20.2
20.2
20.2
20.2
20.2
20.2
20.2
20.2
20.2
20.2
20.2
20.2
20.2
20.2
20.2
20.2
20.2
20.2
20.2
20.2
20.2
20.2
20.2
20.2
20.2
20.2
20.2
20.2
20.2
20.2
20.2
20.2
20.2
20.2
20.2
20.2
20.2
20.2
20.2
20.2
20.2
20.2
20.2
20.2
20.2
20.2
20.2
20.2
20.2
20.2
20.2
20.2
20.2
20.2
20.2
20.2
20.2
20.2
20.2
20.2
20.2
20.2
20.2
20.2
20.2
20.2
20.2
20.2
20.2
20.2
20.2
20.2
20.2
20.2
20.2
20.2
20.2
20.2
20.2
20.2
20.2
20.2
20.2
20.2
20.2
20.2
20.2
20.2
20.2
20.2
20.2
20.2
20.2
20.2
20.2
20.2
20.2
20.2
20.2
20.2
20.2
20.2
20.2
20.2
20.2
20.2
20.2
20.2
20.2
20.2
20.2
20.2
20.2
20.2
20.2
20.2
20.2
20.2
20.2
20.2
20.2
20.2
20.2
20.2
20.2
20.2
20.2
20.2
20.2
20.2
20.2
20.2
20.2
20.2
20.2
20.2
20.2
20.2
20.2
20.2
20.2
20.2
20.2
20.2
20.2
20.2
20.2
20.2
20.2
20.2
20.2
20.2
20.2
20.2
20.2
20.2
20.2
20.2
20.2
20.2
20.2
20.2
20.2
20.2
20.2
20.2
20.2
20.2
20.2
20.2
20.2
20.2
20.2
20.2
20.2
20.2
20.2
20.2
20.2
20.2
20.2
20.2
20.2
20.2
20.2
20.2
20.2
20.2
20.2
20.2
20.2
20.2
20.2
20.2
20.2
20.2
20.2
20.2
20.2
20.2
20.2
20.2
20.2
20.2
20.2
20.2
20.2
20.2
20.2
20.2
20.2
20.2
20.2
20.2
20.2
20.2
20.2
20.2
20.2
20.2
20.2
20.2
20.2
20.2
20.2
20.2
20.2
20.2
20.2
20.2
20.2
20.2
20.2
20.2
20.2
20.2
20.2
20.2
20.2
20.2
20.2
20.2
20.2
20.2
20.2
20.2
20.2
20.2
20.2
20.2
20.2
20.2
20.2
20.2
20.2
20.2
20.2
20.2
20.2
20.2
20.2
20.2
20.2
20.2
20.2
20.2
20.2
20.2
20.2
20.2
20.2
20.2
20.2
20.2
20.2
20.2
20.2
20.2
20.2
20.2
20.2
20.2
20.2
20.2
20.2
20.2
20.2
20.2
20.2
20.2
20.2
20.2
20.2
20.2
20.2
20.2
20.2
20.2
20.2
20.2
20.2
20.2
20.2
20.2
20.2
20.2
20.2
20.2
20.2
20.2
20.2
20.2
20.2
20.2
20.2
20.2
20.2
20.2
20.2
20.2
20.2
20.2
20.2
20.2
20.2
20.2
20.2
20.2
20.2
20.2
20.2
20.2
20.2
20.2
20.2
20.2
20.2
20.2
20.2
20.2
20.2
20.2
20.2
20.2
20.2
20.2
20.2
20.2
20.2
20.2
20.2
20.2
20.2
20.2
20.2
20.2
20.2
20.2
20.2
20.2
20.2
20.2
20.2
20.2
20.2
20.2
20.2
20.2
20.2
20.2
20.2
20.2
20.2
20.2
20.2
20.2
20.2
20.2
20.2
20.2
20.2
20.2
20.2
20.2
20.2
20.2
20.2
20.2
20.2
20.2
20.2
20.2
20.2
20.2
20.2
20.2
20.2
20.2
20.2
20.2
20.2
20.2
20.2
20.2
20.2
20.2
20.2
20.2
20.2
20.2
20.2
20.2
20.2
20.2
20.2
20.2
20.2
20.2
20.2
20.2
20.2
20.2
20.2
20.2
20.2
20.2
20.2
20.2
20.2
20.2
20.2
20.2
20.2
20.2
20.2
20.2
20.2
20.2
20.2
20.2
20.2
20.2
20.2
20.2
20.2
20.2
20.2
20.2
20.2
20.2
20.2
20.24
20.24
20.24
20.28
20.28
20.28
20.28
20.28
20.28
20.28
20.28
20.28
20.28
20.28
20.28
20.28
20.28
20.28
20.28
20.28
20.28
20.28
20.28
20.28
20.28
20.28
20.28
20.32
20.32
20.32
20.32
20.32
20.32
20.32
20.32
20.32
20.32
20.32
20.32
20.32
20.32
20.32
20.32
20.32
20.32
20.32
20.32
20.32
20.32
20.32
20.32
20.32
20.32
20.32
20.32
20.32
20.32
20.32
20.32
20.32
20.32
20.32
20.32
20.32
20.32
20.32
20.32
20.32
20.32
20.32
20.32
20.32
20.32
20.32
20.32
20.32
20.32
20.32
20.32
20.32
20.32
20.32
20.32
20.32
20.32
20.32
20.32
20.32
20.32
20.32
20.32
20.32
20.32
20.32
20.32
20.32
20.32
20.32
20.32
20.32
20.32
20.32
20.32
20.36
20.36
20.36
20.36
20.36
20.4
20.4
20.4
20.4
20.4
20.4
20.4
20.4
20.4
20.4
20.4
20.4
20.4
