0.0
0.0
0.0
0.0
0.0
0.0
0.0
0.0
0.0
0.0
0.0
0.0
0.0
0.0
0.0
0.0
0.0
0.0
0.0
0.0
0.0
0.0
0.0
0.0
0.0
0.0
0.0
0.0
0.0
0.0
0.0
0.0
0.0
0.0
0.0
0.0
0.0
0.0
0.0
0.0
0.0
0.0
0.0
0.0
0.0
0.0
0.0
0.0
0.0
0.0
0.0
0.0
0.0
0.0
0.0
0.0
0.0
0.0
0.0
0.0
0.0
0.0
0.0
0.0
0.0
0.0
0.0
0.0
0.0
0.0
0.0
0.0
0.0
0.0
0.0
0.0
0.0
0.0
0.0
0.0
0.0
0.0
0.0
0.0
0.0
0.0
0.0
0.0
0.0
0.0
0.0
0.0
0.0
0.0
0.0
0.0
0.0
0.0
0.0
0.0
0.0
0.0
0.0
0.0
0.0
0.0
0.0
0.0
0.0
0.0
0.0
0.0
0.0
0.0
0.0
0.0
0.0
0.0
0.0
0.0
0.0
0.0
0.0
0.0
0.0
0.0
0.0
0.0
0.0
0.0
0.0
0.0
0.0
0.0
0.0
0.0
0.0
0.0
0.0
0.0
0.0
0.0
0.0
0.0
0.0
0.0
0.0
0.0
0.0
0.0
0.0
0.0
0.0
0.0
0.0
0.0
0.0
0.0
0.0
0.0
0.0
0.0
0.0
0.0
0.0
0.0
0.0
0.0
0.0
0.0
0.0
0.0
0.0
0.0
0.0
0.0
0.0
0.0
0.0
0.0
0.0
0.0
0.0
0.0
0.0
0.0
0.0
0.0
0.0
0.0
0.0
0.0
0.0
0.0
0.0
0.0
0.0
0.0
0.0
0.0
0.0
0.0
0.0
0.0
0.0
0.0
0.0
0.0
0.0
0.0
0.0
0.0
0.0
0.0
0.0
0.0
0.0
0.0
0.0
0.0
0.0
0.0
0.0
0.0
0.0
0.0
0.0
0.0
0.0
0.0
0.0
0.0
0.0
0.0
0.0
0.0
0.0
0.0
0.0
0.0
0.0
0.0
0.0
0.0
0.0
0.0
0.0
0.0
0.0
0.0
0.0
0.0
0.0
0.0
0.0
0.0
0.0
0.0
0.0
0.0
0.0
0.0
0.0
0.0
0.0
0.0
0.0
0.0
0.0
0.0
0.0
0.0
0.0
0.0
0.0
0.0
0.0
0.0
0.0
0.0
0.0
0.0
0.0
0.0
0.0
0.0
0.0
0.0
0.0
0.0
0.0
0.0
0.0
0.0
0.0
0.0
0.0
0.0
0.0
0.0
2.36
2.32
2.32
1.8
1.28
1.08
1.08
0.84
0.64
0.68
0.8
0.96
0.96
1.32
1.52
1.68
1.84
2.08
2.16
2.2
2.4
2.52
2.52
2.56
2.6
2.68
2.8
2.84
2.88
3.04
3.04
3.0
3.04
2.92
2.76
2.8
3.08
3.12
3.16
3.2
3.16
3.32
3.28
3.32
3.16
3.48
3.44
3.32
3.28
3.4
3.48
3.44
3.44
3.44
3.32
3.36
3.4
3.64
3.64
3.48
3.36
3.2
3.44
3.44
3.44
3.6
3.44
3.48
3.56
3.52
3.48
3.52
3.56
3.72
3.72
3.76
3.68
3.8
3.6
3.56
3.52
3.52
3.64
3.84
3.72
3.64
3.64
3.64
3.72
3.84
3.76
3.76
3.56
3.56
3.56
3.68
3.68
3.72
3.68
3.64
3.6
3.56
3.6
3.6
3.72
3.6
3.6
3.6
3.48
3.48
3.56
3.52
3.48
3.4
3.36
3.32
3.36
3.28
3.28
3.28
3.2
3.24
3.12
3.12
3.16
3.0
3.0
2.96
3.0
3.04
2.92
2.76
2.68
2.56
2.44
2.44
2.4
2.36
2.36
2.36
2.36
2.28
2.12
2.04
2.04
2.08
2.04
1.92
1.96
1.92
1.84
1.84
1.84
1.76
1.72
1.72
1.68
1.56
1.52
1.56
1.52
1.48
1.52
1.52
1.48
1.56
1.48
1.44
1.48
1.44
1.4
1.4
1.4
1.4
1.32
1.24
1.2
1.16
1.16
1.08
1.04
1.0
1.0
1.0
0.92
0.84
0.8
0.8
0.8
0.8
0.68
0.68
0.68
0.64
0.6
0.6
0.6
0.52
0.52
0.52
0.56
0.52
0.52
0.52
0.48
0.44
0.48
0.44
0.44
0.44
0.48
0.52
0.52
0.48
0.48
0.48
0.48
0.44
0.44
0.44
0.44
0.4
0.36
0.4
0.4
0.36
0.36
0.36
0.28
0.28
0.28
0.28
0.24
0.24
0.2
0.16
0.16
0.16
0.16
0.16
0.16
0.16
0.16
0.16
0.16
0.12
0.08
0.08
0.08
0.08
0.04
0.04
0.04
0.04
0.04
0.04
0.04
0.04
0.04
0.0
0.0
0.0
0.0
0.0
0.0
0.0
0.0
0.0
0.0
0.0
0.0
0.0
0.0
0.0
0.0
0.0
0.0
0.0
0.0
0.0
0.0
0.0
0.0
0.0
0.0
0.0
0.0
0.0
0.0
0.0
0.0
0.0
0.0
0.0
0.0
0.0
0.0
0.0
0.0
0.0
0.0
0.0
0.0
0.0
0.0
0.0
0.0
0.0
0.0
0.0
0.0
0.0
0.0
0.0
0.0
0.0
0.0
0.0
0.0
0.0
0.0
0.0
0.0
0.0
0.0
0.0
0.0
0.0
0.0
0.0
0.0
0.0
0.0
0.0
0.0
0.0
0.0
0.0
0.0
0.0
0.0
0.0
0.0
0.0
0.0
0.0
0.0
0.0
0.0
0.0
0.0
0.0
0.0
0.0
0.0
0.0
0.0
0.0
0.0
0.0
0.0
0.0
0.0
0.0
0.0
0.0
0.0
0.0
0.0
0.0
0.0
0.0
0.0
0.0
0.0
0.0
0.0
0.0
0.0
0.0
0.0
0.0
0.0
0.0
0.0
0.0
0.0
0.0
0.0
0.0
0.0
0.0
0.0
0.0
0.0
0.0
0.0
0.0
0.0
0.0
0.0
0.0
0.0
0.0
0.0
0.0
0.0
0.0
0.0
0.0
0.0
0.0
0.0
0.0
0.0
0.0
0.0
0.0
0.0
0.0
0.0
0.0
0.0
0.0
0.0
0.0
0.0
0.0
0.0
0.0
0.0
0.0
0.0
0.0
0.0
0.0
0.0
0.0
0.0
0.0
0.0
0.0
0.0
0.0
0.0
0.0
0.0
0.0
0.0
0.0
0.0
0.0
0.0
0.0
0.0
0.0
0.0
0.0
0.0
0.0
0.0
0.0
0.0
0.0
0.0
0.0
0.0
0.0
0.0
0.0
0.0
0.0
0.0
0.0
0.0
0.0
0.0
0.0
0.0
0.0
0.0
0.0
0.0
0.0
0.0
0.0
0.0
0.0
0.0
0.0
0.0
0.0
0.0
0.0
0.0
0.0
0.0
0.0
0.0
0.0
0.0
0.0
0.0
0.0
0.0
0.0
0.0
0.0
0.0
0.0
0.0
0.0
0.0
0.0
0.0
0.0
0.0
0.0
0.0
0.0
0.0
0.0
0.0
0.0
0.0
0.0
0.0
0.0
0.0
0.0
0.0
0.0
0.0
0.0
0.0
0.0
0.0
0.0
0.0
0.0
0.0
0.0
0.0
0.0
0.0
0.0
0.0
0.0
0.0
0.0
0.0
0.0
0.0
0.0
0.0
0.0
0.0
0.0
0.0
0.0
0.0
0.0
0.0
0.0
0.0
0.0
0.0
0.0
0.0
0.0
0.0
0.0
0.0
0.0
0.0
0.0
0.0
0.0
0.0
0.0
0.0
0.0
0.0
0.0
0.0
0.0
0.0
0.0
0.0
0.0
0.0
0.0
0.0
0.0
0.0
0.0
0.0
0.0
0.0
0.0
3.6
3.6
3.6
3.6
3.6
3.6
3.64
3.64
3.64
3.64
3.64
3.64
3.64
3.64
3.64
3.64
3.64
3.64
3.64
3.64
3.64
3.64
3.64
3.64
3.64
3.64
3.64
3.64
3.64
3.64
3.64
3.64
3.64
3.64
3.64
3.64
3.64
3.64
3.64
3.64
3.64
3.64
3.64
3.64
3.64
3.6
3.6
3.6
3.6
3.6
3.6
3.6
3.6
3.6
3.6
3.6
3.6
3.6
3.6
3.6
3.6
3.6
3.6
3.6
3.6
3.6
3.6
3.6
3.6
3.6
3.6
3.6
3.6
3.6
3.6
3.6
3.6
3.6
3.6
3.6
3.6
3.6
3.6
3.44
3.44
3.44
3.44
3.44
3.44
3.44
3.44
3.44
3.44
3.44
3.44
3.44
3.44
3.44
3.44
3.44
3.44
3.44
3.44
3.44
3.44
3.44
3.44
3.44
3.44
3.44
3.44
3.44
3.44
3.44
3.44
3.44
3.44
3.44
3.44
3.44
3.44
3.44
3.44
3.44
3.44
3.44
3.44
3.44
3.44
3.44
3.44
3.44
3.44
3.44
3.44
3.44
3.44
3.44
3.44
3.44
3.44
3.44
3.44
3.44
3.44
3.44
3.44
3.44
3.44
3.44
3.44
3.44
3.44
3.44
3.44
3.44
3.44
3.44
3.44
3.44
3.44
3.44
3.44
3.44
3.44
3.44
3.44
3.0
3.0
2.84
2.84
2.84
2.84
2.8
2.68
2.44
2.36
2.36
2.36
2.12
2.12
1.96
1.8
1.64
1.56
1.56
1.4
1.4
1.36
1.28
1.2
1.16
1.12
1.12
0.96
0.76
0.44
0.44
0.36
0.36
0.36
0.36
0.36
0.36
0.36
0.28
0.28
0.28
0.24
0.24
0.2
0.16
0.16
0.16
0.16
0.16
0.2
0.2
0.2
0.2
0.2
0.2
0.2
0.2
0.12
0.12
0.08
0.04
0.0
0.0
0.0
0.0
0.0
0.0
0.0
0.0
0.0
0.0
0.0
0.0
0.0
0.0
0.0
0.0
0.0
0.0
0.0
0.0
0.0
0.0
0.0
0.0
0.0
0.0
0.0
0.0
0.0
0.0
0.0
0.0
0.0
0.0
0.0
0.0
0.0
0.0
0.0
0.0
0.0
0.0
0.0
0.0
0.0
0.0
0.0
0.0
0.0
0.0
0.0
0.0
0.0
0.0
0.0
0.0
0.0
0.0
0.0
0.0
0.0
0.0
0.0
0.0
0.0
0.0
0.0
0.0
0.0
0.0
0.0
0.0
0.0
0.0
0.0
0.0
0.0
0.0
0.0
0.0
0.0
0.0
0.0
0.0
0.0
0.0
0.0
0.0
0.0
0.0
0.0
0.0
0.0
0.0
0.0
0.0
0.0
0.0
0.0
0.0
0.0
0.0
0.0
0.0
0.0
0.0
0.0
0.0
0.0
0.0
0.0
0.0
0.0
0.0
0.0
0.0
0.0
0.0
0.0
0.0
0.0
0.0
0.0
0.0
0.0
0.0
0.0
0.0
0.0
0.0
0.0
0.0
0.0
0.0
0.0
0.0
0.0
0.0
0.0
0.0
0.0
0.0
0.0
0.0
0.0
0.0
0.0
0.0
0.0
0.0
0.0
0.0
0.0
0.0
0.0
0.0
0.0
0.0
0.0
0.0
0.0
0.0
0.0
0.0
0.0
0.0
0.0
0.0
0.0
0.0
0.0
0.0
0.0
0.0
0.0
0.0
0.0
0.0
0.0
0.0
0.0
0.0
0.0
0.0
0.0
0.0
0.0
0.0
0.0
0.0
0.0
0.0
0.0
0.0
0.0
0.0
0.0
0.0
0.0
0.0
0.0
0.0
0.0
0.0
0.0
0.0
0.0
0.0
0.0
0.0
0.0
0.0
0.0
0.0
0.0
0.0
0.0
0.0
0.0
0.0
0.0
0.0
0.0
0.0
0.0
0.0
0.0
0.0
0.0
0.0
0.0
0.0
0.0
0.0
0.0
0.0
0.0
0.0
0.0
0.0
0.0
0.0
0.0
0.0
0.0
0.0
0.0
0.0
0.0
0.0
0.0
0.0
0.0
0.0
0.0
0.0
0.0
0.0
0.0
0.0
0.0
0.0
0.0
0.0
0.0
0.0
0.0
0.0
0.0
0.0
0.0
0.0
0.0
0.0
0.0
0.0
0.0
0.0
0.0
0.0
0.0
0.0
0.0
0.0
0.0
0.0
0.0
0.0
0.0
0.0
0.0
0.0
0.0
0.0
0.0
0.0
0.0
0.0
0.0
0.0
0.0
0.0
0.0
0.0
0.0
0.0
0.0
0.0
0.0
0.0
0.0
0.0
0.0
0.0
0.0
0.0
0.0
0.0
0.0
0.0
0.0
0.0
0.0
0.0
0.0
0.0
0.0
0.0
0.0
0.0
0.0
0.0
0.0
0.0
0.0
0.0
0.0
0.0
0.0
0.0
0.0
0.0
0.0
0.0
0.0
0.0
0.0
0.0
0.0
0.0
0.0
0.0
0.0
0.0
0.0
0.0
0.0
0.0
0.0
0.0
0.0
0.0
0.0
0.0
0.0
0.0
0.0
0.0
0.0
0.0
0.0
0.0
3.76
3.76
3.76
3.76
3.76
3.76
3.76
3.76
3.76
3.76
3.76
3.76
3.76
3.76
3.76
3.76
3.76
3.76
3.76
3.76
3.76
3.76
3.76
3.76
3.76
3.76
3.76
3.76
3.76
3.76
3.76
3.76
3.76
3.76
3.76
3.76
3.76
3.76
3.76
3.76
3.76
3.76
3.76
3.76
3.76
3.76
3.76
3.76
3.76
3.76
3.76
3.76
3.76
3.76
3.76
3.76
3.76
3.76
3.76
3.76
3.76
3.76
3.76
3.76
3.76
3.76
3.76
3.76
3.76
3.76
3.76
3.76
3.76
3.76
3.76
3.76
3.76
3.76
3.76
3.76
3.76
3.76
3.76
3.76
3.76
3.76
3.76
3.76
3.76
3.76
3.76
3.76
3.76
3.76
3.76
3.76
3.76
3.76
3.76
3.76
3.76
3.76
3.76
3.76
3.76
3.76
3.76
3.76
3.76
3.76
3.76
3.76
3.76
3.76
3.76
3.76
3.76
3.76
3.76
3.76
3.76
3.76
3.76
3.76
3.76
3.76
3.76
3.76
3.76
3.76
3.76
3.76
3.76
3.76
3.76
3.76
3.76
3.76
3.76
3.76
3.76
3.76
3.76
3.76
3.76
3.76
3.76
3.76
3.76
3.76
3.76
3.76
3.76
3.76
3.76
3.76
3.76
3.76
3.76
3.76
3.76
3.76
3.76
3.76
3.76
3.76
3.76
3.68
3.68
3.52
3.52
3.52
3.52
3.48
3.36
3.2
3.08
3.04
3.04
2.84
2.8
2.56
2.48
2.32
2.12
2.04
1.88
1.84
1.84
1.68
1.56
1.52
1.52
1.48
1.44
1.24
0.88
0.88
0.8
0.8
0.8
0.8
0.8
0.8
0.76
0.76
0.76
0.76
0.76
0.76
0.76
0.76
0.76
0.76
0.76
0.76
0.76
0.76
0.72
0.68
0.64
0.64
0.6
0.52
0.48
0.4
0.28
0.24
0.24
0.16
0.0
0.0
0.0
0.0
0.0
0.0
0.0
0.0
0.0
0.0
0.0
0.0
0.0
0.0
0.0
0.0
0.0
0.0
0.0
0.0
0.0
0.0
0.0
0.0
0.0
0.0
0.0
0.0
0.0
0.0
0.0
0.0
0.0
0.0
0.0
0.0
0.0
0.0
0.0
0.0
0.0
0.0
0.0
0.0
0.0
0.0
0.0
0.0
0.0
0.0
0.0
0.0
0.0
0.0
0.0
0.0
0.0
0.0
0.0
0.0
0.0
0.0
0.0
0.0
0.0
0.0
0.0
0.0
0.0
0.0
0.0
0.0
0.0
0.0
0.0
0.0
0.0
0.0
0.0
0.0
0.0
0.0
0.0
0.0
0.0
0.0
0.0
0.0
0.0
0.0
0.0
0.0
0.0
0.0
0.0
0.0
0.0
0.0
0.0
0.0
0.0
0.0
0.0
0.0
0.0
0.0
0.0
0.0
0.0
0.0
0.0
0.0
0.0
0.0
0.0
0.0
0.0
0.0
0.0
0.0
0.0
0.0
0.0
0.0
0.0
0.0
0.0
0.0
0.0
0.0
0.0
0.0
0.0
0.0
0.0
0.0
0.0
0.0
0.0
0.0
0.0
0.0
0.0
0.0
0.0
0.0
0.0
0.0
0.0
0.0
0.0
0.0
0.0
0.0
0.0
0.0
0.0
0.0
0.0
0.0
0.0
0.0
0.0
0.0
0.0
0.0
0.0
0.0
0.0
0.0
0.0
0.0
0.0
0.0
0.0
0.0
0.0
0.0
0.0
0.0
0.0
0.0
0.0
0.0
0.0
0.0
0.0
0.0
0.0
0.0
0.0
0.0
0.0
0.0
0.0
0.0
0.0
0.0
0.0
0.0
0.0
0.0
0.0
0.0
0.0
0.0
0.0
0.0
0.0
0.0
0.0
0.0
0.0
0.0
0.0
0.0
0.0
0.0
0.0
0.0
0.0
0.0
0.0
0.0
0.0
0.0
0.0
0.0
0.0
0.0
0.0
0.0
0.0
0.0
0.0
0.0
0.0
0.0
0.0
0.0
0.0
0.0
0.0
0.0
0.0
0.0
0.0
0.0
0.0
0.0
0.0
0.0
0.0
0.0
0.0
0.0
0.0
0.0
0.0
0.0
0.0
0.0
0.0
0.0
0.0
0.0
0.0
0.0
0.0
0.0
0.0
0.0
0.0
0.0
0.0
0.0
0.0
0.0
0.0
0.0
0.0
0.0
0.0
0.0
0.0
0.0
0.0
0.0
0.0
0.0
0.0
0.0
0.0
0.0
0.0
0.0
0.0
0.0
0.0
0.0
0.0
0.0
0.0
0.0
0.0
0.0
0.0
0.0
0.0
0.0
0.0
0.0
0.0
0.0
0.0
0.0
0.0
0.0
0.0
0.0
0.0
0.0
0.0
0.0
0.0
0.0
0.0
0.0
0.0
0.0
0.0
0.0
0.0
0.0
0.0
0.0
0.0
0.0
0.0
0.0
0.0
0.0
0.0
0.0
0.0
0.0
0.0
0.0
0.0
0.0
0.0
0.0
0.0
0.0
0.0
0.0
0.0
0.0
0.0
0.0
0.0
0.0
0.0
0.0
0.0
0.0
0.0
0.0
0.0
0.0
4.68
4.68
4.68
4.68
4.68
4.68
4.68
4.68
4.68
4.68
4.68
4.68
4.68
4.68
4.68
4.68
4.68
4.68
4.68
4.68
4.68
4.68
4.68
4.68
4.68
4.68
4.68
4.68
4.68
4.68
4.68
4.52
4.52
4.52
4.52
4.52
4.52
4.52
4.52
4.52
4.52
4.52
4.52
4.52
4.52
4.52
4.52
4.52
4.52
4.52
4.52
4.52
4.52
4.52
4.32
4.32
4.32
4.32
4.32
4.32
4.32
4.32
4.32
4.32
4.32
4.32
4.32
4.32
4.32
4.32
4.32
4.32
4.32
4.32
4.32
4.32
4.32
4.32
4.32
4.32
4.32
4.32
4.32
4.32
4.32
4.32
4.32
4.32
4.32
4.32
4.32
4.32
4.32
4.32
4.32
4.32
4.32
4.32
4.32
4.32
4.32
4.32
4.32
4.32
4.32
4.32
4.32
4.32
4.32
4.32
4.32
4.32
4.32
4.32
4.32
4.32
4.32
4.32
4.32
4.32
4.32
4.32
4.32
4.32
4.32
4.32
4.32
4.32
4.32
4.32
4.32
4.32
4.32
4.32
4.32
4.32
4.32
4.32
4.32
4.32
4.32
4.32
4.32
4.32
4.32
4.32
4.32
4.32
4.32
4.32
4.32
4.32
4.32
4.32
4.32
4.32
4.32
4.32
4.32
4.32
4.32
4.32
4.32
4.32
4.32
4.32
4.32
4.24
4.24
4.08
4.08
4.08
4.04
4.0
3.88
3.72
3.56
3.56
3.48
3.16
3.08
2.84
2.72
2.6
2.52
2.4
2.24
2.12
2.12
1.92
1.72
1.64
1.52
1.48
1.4
1.16
0.84
0.8
0.68
0.68
0.68
0.68
0.64
0.64
0.64
0.6
0.6
0.6
0.6
0.6
0.6
0.6
0.6
0.6
0.6
0.64
0.64
0.64
0.64
0.64
0.6
0.6
0.56
0.52
0.4
0.4
0.4
0.16
0.16
0.08
0.0
0.0
0.0
0.0
0.0
0.0
0.0
0.0
0.0
0.0
0.0
0.0
0.0
0.0
0.0
0.0
0.0
0.0
0.0
0.0
0.0
0.0
0.0
0.0
0.0
0.0
0.0
0.0
0.0
0.0
0.0
0.0
0.0
0.0
0.0
0.0
0.0
0.0
0.0
0.0
0.0
0.0
0.0
0.0
0.0
0.0
0.0
0.0
0.0
0.0
0.0
0.0
0.0
0.0
0.0
0.0
0.0
0.0
0.0
0.0
0.0
0.0
0.0
0.0
0.0
0.0
0.0
0.0
0.0
0.0
0.0
